#Tools,ToolInfo,Frame#,PortHandle,Face#,TransformStatus,Q0,Qx,Qy,Qz,Tx,Ty,Tz,Error,#Markers,ROSTime
1,NDI-MF2 s/n:3BAA9000,158,Port:10,0,Enabled,0.0792578,0.0668473,-0.0772575,0.991606,1.12691,1.70742,-139.874,0.0117145,0,1685629174,798309529
1,NDI-MF2 s/n:3BAA9000,166,Port:10,0,Enabled,0.0792566,0.0668505,-0.0772523,0.991606,1.1259,1.70578,-139.872,0.0115073,0,1685629174,823273598
1,NDI-MF2 s/n:3BAA9000,174,Port:10,0,Enabled,0.0792591,0.0668544,-0.0772528,0.991605,1.12511,1.70629,-139.874,0.0113568,0,1685629174,848258766
1,NDI-MF2 s/n:3BAA9000,182,Port:10,0,Enabled,0.0792564,0.0668518,-0.0772683,0.991605,1.12558,1.70736,-139.876,0.0113046,0,1685629174,873226599
1,NDI-MF2 s/n:3BAA9000,190,Port:10,0,Enabled,0.0792576,0.0668527,-0.0772647,0.991605,1.12551,1.70658,-139.875,0.0113078,0,1685629174,898195924
1,NDI-MF2 s/n:3BAA9000,198,Port:10,0,Enabled,0.0792596,0.0668545,-0.07727,0.991604,1.12488,1.70714,-139.876,0.0113171,0,1685629174,923188792
1,NDI-MF2 s/n:3BAA9000,206,Port:10,0,Enabled,0.0792597,0.0668576,-0.0772722,0.991604,1.12374,1.70778,-139.876,0.0113621,0,1685629174,948252421
1,NDI-MF2 s/n:3BAA9000,214,Port:10,0,Enabled,0.0792575,0.0668625,-0.0772679,0.991604,1.1232,1.70807,-139.877,0.0114036,0,1685629174,973216511
1,NDI-MF2 s/n:3BAA9000,222,Port:10,0,Enabled,0.0792555,0.06686,-0.0772611,0.991605,1.12389,1.70729,-139.878,0.0115607,0,1685629174,998277338
1,NDI-MF2 s/n:3BAA9000,230,Port:10,0,Enabled,0.079253,0.0668572,-0.0772603,0.991605,1.12465,1.70765,-139.879,0.0116047,0,1685629175,23200853
1,NDI-MF2 s/n:3BAA9000,238,Port:10,0,Enabled,0.0792528,0.0668491,-0.0772782,0.991604,1.12595,1.7093,-139.881,0.0117628,0,1685629175,48285177
1,NDI-MF2 s/n:3BAA9000,246,Port:10,0,Enabled,0.0792498,0.066855,-0.0772942,0.991603,1.12517,1.71211,-139.882,0.0117776,0,1685629175,73286143
1,NDI-MF2 s/n:3BAA9000,254,Port:10,0,Enabled,0.0792491,0.0668544,-0.0773042,0.991602,1.12484,1.7131,-139.883,0.0117438,0,1685629175,98222451
1,NDI-MF2 s/n:3BAA9000,262,Port:10,0,Enabled,0.0792531,0.0668525,-0.0772975,0.991602,1.12542,1.71275,-139.882,0.0118443,0,1685629175,123223301
1,NDI-MF2 s/n:3BAA9000,270,Port:10,0,Enabled,0.0792535,0.0668554,-0.0772981,0.991602,1.12488,1.71266,-139.883,0.0117228,0,1685629175,148217208
1,NDI-MF2 s/n:3BAA9000,278,Port:10,0,Enabled,0.0792512,0.0668526,-0.0773163,0.991601,1.12537,1.71452,-139.885,0.0118927,0,1685629175,173199453
1,NDI-MF2 s/n:3BAA9000,286,Port:10,0,Enabled,0.0792514,0.0668526,-0.0773301,0.9916,1.12549,1.71451,-139.885,0.0118357,0,1685629175,198163896
1,NDI-MF2 s/n:3BAA9000,294,Port:10,0,Enabled,0.0792491,0.066848,-0.0773343,0.9916,1.12628,1.71677,-139.886,0.0119295,0,1685629175,223133041
1,NDI-MF2 s/n:3BAA9000,302,Port:10,0,Enabled,0.0792496,0.0668492,-0.0773349,0.9916,1.12563,1.7171,-139.885,0.0118693,0,1685629175,248153049
1,NDI-MF2 s/n:3BAA9000,310,Port:10,0,Enabled,0.0792526,0.0668504,-0.0773339,0.9916,1.12519,1.71712,-139.885,0.0118062,0,1685629175,273166967
1,NDI-MF2 s/n:3BAA9000,318,Port:10,0,Enabled,0.0792528,0.0668599,-0.0773199,0.9916,1.12292,1.71641,-139.885,0.0116719,0,1685629175,298181451
1,NDI-MF2 s/n:3BAA9000,326,Port:10,0,Enabled,0.0792545,0.066849,-0.0773205,0.991601,1.12476,1.71669,-139.886,0.0117709,0,1685629175,323094026
1,NDI-MF2 s/n:3BAA9000,334,Port:10,0,Enabled,0.0792564,0.0668505,-0.0773194,0.991601,1.12477,1.71581,-139.886,0.011768,0,1685629175,348093194
1,NDI-MF2 s/n:3BAA9000,342,Port:10,0,Enabled,0.0792559,0.0668529,-0.0773093,0.991601,1.12393,1.71497,-139.886,0.0117187,0,1685629175,373120379
1,NDI-MF2 s/n:3BAA9000,350,Port:10,0,Enabled,0.0792522,0.0668531,-0.077296,0.991603,1.12352,1.71351,-139.885,0.0117441,0,1685629175,398093918
1,NDI-MF2 s/n:3BAA9000,358,Port:10,0,Enabled,0.079258,0.0668502,-0.0772906,0.991603,1.12411,1.71293,-139.886,0.0117363,0,1685629175,423122133
1,NDI-MF2 s/n:3BAA9000,366,Port:10,0,Enabled,0.0792594,0.0668474,-0.0772878,0.991603,1.12455,1.71171,-139.886,0.0117846,0,1685629175,448113576
1,NDI-MF2 s/n:3BAA9000,374,Port:10,0,Enabled,0.0792593,0.0668507,-0.0772915,0.991602,1.12401,1.71169,-139.886,0.011827,0,1685629175,473060456
1,NDI-MF2 s/n:3BAA9000,382,Port:10,0,Enabled,0.0792573,0.0668558,-0.0772844,0.991603,1.1226,1.7125,-139.886,0.0118178,0,1685629175,498068781
1,NDI-MF2 s/n:3BAA9000,390,Port:10,0,Enabled,0.0792605,0.0668571,-0.0772735,0.991603,1.12214,1.71131,-139.886,0.011711,0,1685629175,523088809
1,NDI-MF2 s/n:3BAA9000,398,Port:10,0,Enabled,0.0792603,0.0668527,-0.0772813,0.991603,1.12326,1.71254,-139.886,0.01179,0,1685629175,548078263
1,NDI-MF2 s/n:3BAA9000,406,Port:10,0,Enabled,0.0792609,0.0668541,-0.0772755,0.991603,1.12262,1.71152,-139.886,0.011868,0,1685629175,573103695
1,NDI-MF2 s/n:3BAA9000,414,Port:10,0,Enabled,0.079261,0.0668546,-0.0772946,0.991602,1.12248,1.71435,-139.889,0.0119478,0,1685629175,598072555
1,NDI-MF2 s/n:3BAA9000,422,Port:10,0,Enabled,0.0792622,0.0668537,-0.0772936,0.991602,1.12191,1.71334,-139.889,0.0119638,0,1685629175,623147875
1,NDI-MF2 s/n:3BAA9000,430,Port:10,0,Enabled,0.0792692,0.066859,-0.0773005,0.991601,1.1209,1.71356,-139.889,0.011833,0,1685629175,648048571
1,NDI-MF2 s/n:3BAA9000,438,Port:10,0,Enabled,0.0792678,0.0668605,-0.0772998,0.991601,1.12001,1.71353,-139.89,0.0119287,0,1685629175,673051698
1,NDI-MF2 s/n:3BAA9000,446,Port:10,0,Enabled,0.0792724,0.0668645,-0.0773011,0.9916,1.11897,1.71407,-139.891,0.011837,0,1685629175,698045498
1,NDI-MF2 s/n:3BAA9000,454,Port:10,0,Enabled,0.079275,0.0668603,-0.0772997,0.9916,1.11947,1.71388,-139.891,0.0118437,0,1685629175,723054942
1,NDI-MF2 s/n:3BAA9000,462,Port:10,0,Enabled,0.0792799,0.0668585,-0.0773197,0.991598,1.12012,1.71567,-139.894,0.0119,0,1685629175,748023947
1,NDI-MF2 s/n:3BAA9000,470,Port:10,0,Enabled,0.079278,0.0668544,-0.0773348,0.991597,1.12126,1.71876,-139.895,0.0121243,0,1685629175,773081463
1,NDI-MF2 s/n:3BAA9000,478,Port:10,0,Enabled,0.0792813,0.0668626,-0.0773338,0.991597,1.1191,1.71843,-139.896,0.0121075,0,1685629175,797992128
1,NDI-MF2 s/n:3BAA9000,486,Port:10,0,Enabled,0.0792872,0.0668687,-0.077327,0.991596,1.11775,1.71823,-139.896,0.0121095,0,1685629175,823031217
1,NDI-MF2 s/n:3BAA9000,494,Port:10,0,Enabled,0.0792895,0.0668698,-0.0773132,0.991597,1.11756,1.71581,-139.893,0.0118967,0,1685629175,848038846
1,NDI-MF2 s/n:3BAA9000,502,Port:10,0,Enabled,0.0792901,0.0668757,-0.0773176,0.991596,1.11672,1.71673,-139.894,0.0118352,0,1685629175,873044241
1,NDI-MF2 s/n:3BAA9000,510,Port:10,0,Enabled,0.0792887,0.0668806,-0.0773215,0.991596,1.11595,1.71719,-139.895,0.0118093,0,1685629175,898029342
1,NDI-MF2 s/n:3BAA9000,518,Port:10,0,Enabled,0.0786503,0.0667083,-0.0788644,0.991537,1.00315,2.18732,-140.086,0.014073,0,1685629175,922973792
1,NDI-MF2 s/n:3BAA9000,526,Port:10,0,Enabled,0.0785795,0.0659413,-0.0786345,0.991612,0.719497,3.15697,-139.915,0.0277668,0,1685629175,947968678
1,NDI-MF2 s/n:3BAA9000,534,Port:10,0,Enabled,0.0788172,0.0649474,-0.0780448,0.991705,0.434937,4.04942,-139.658,0.0348819,0,1685629175,972981755
1,NDI-MF2 s/n:3BAA9000,542,Port:10,0,Enabled,0.0800284,0.0639762,-0.0754376,0.991873,0.0637336,4.58226,-139.174,0.0245121,0,1685629175,997983130
1,NDI-MF2 s/n:3BAA9000,550,Port:10,0,Enabled,0.0815435,0.0631848,-0.0729008,0.99199,-0.352158,5.15454,-138.817,0.0166882,0,1685629176,22981324
1,NDI-MF2 s/n:3BAA9000,558,Port:10,0,Enabled,0.0826572,0.0623987,-0.0715693,0.992045,-0.727662,5.89585,-138.583,0.0141231,0,1685629176,47969368
1,NDI-MF2 s/n:3BAA9000,566,Port:10,0,Enabled,0.0836941,0.0616116,-0.0707168,0.992068,-1.0711,6.67884,-138.409,0.0137519,0,1685629176,72992786
1,NDI-MF2 s/n:3BAA9000,574,Port:10,0,Enabled,0.0849603,0.0608311,-0.0692465,0.992112,-1.36255,7.25478,-138.186,0.0134488,0,1685629176,97937785
1,NDI-MF2 s/n:3BAA9000,582,Port:10,0,Enabled,0.0862835,0.0601236,-0.0674905,0.992162,-1.60519,7.87097,-137.933,0.0132052,0,1685629176,122930822
1,NDI-MF2 s/n:3BAA9000,590,Port:10,0,Enabled,0.0873662,0.0591442,-0.066008,0.992226,-1.85955,8.52282,-137.633,0.0116809,0,1685629176,147038107
1,NDI-MF2 s/n:3BAA9000,598,Port:10,0,Enabled,0.0882856,0.0581352,-0.0646368,0.992294,-2.20647,9.25346,-137.303,0.00947044,0,1685629176,172947032
1,NDI-MF2 s/n:3BAA9000,606,Port:10,0,Enabled,0.0896285,0.0572822,-0.0624702,0.992362,-2.60029,9.94751,-136.977,0.00699128,0,1685629176,197102303
1,NDI-MF2 s/n:3BAA9000,614,Port:10,0,Enabled,0.0907908,0.0566407,-0.0611595,0.992375,-2.85139,10.6996,-136.802,0.00574161,0,1685629176,222960479
1,NDI-MF2 s/n:3BAA9000,622,Port:10,0,Enabled,0.0918608,0.0559345,-0.0600455,0.992385,-3.18068,11.5446,-136.614,0.00535,0,1685629176,247907860
1,NDI-MF2 s/n:3BAA9000,630,Port:10,0,Enabled,0.092679,0.0550382,-0.0591912,0.99241,-3.46725,12.367,-136.438,0.00577488,0,1685629176,272042033
1,NDI-MF2 s/n:3BAA9000,638,Port:10,0,Enabled,0.0935119,0.0540285,-0.0579312,0.992462,-3.68609,13.0406,-136.22,0.00729869,0,1685629176,297904002
1,NDI-MF2 s/n:3BAA9000,646,Port:10,0,Enabled,0.0945269,0.0531965,-0.056326,0.992503,-3.93669,13.6679,-136.011,0.00655218,0,1685629176,321996881
1,NDI-MF2 s/n:3BAA9000,654,Port:10,0,Enabled,0.0956525,0.0524761,-0.0546961,0.992525,-4.24206,14.3077,-135.836,0.0048301,0,1685629176,347009425
1,NDI-MF2 s/n:3BAA9000,662,Port:10,0,Enabled,0.0965724,0.0517609,-0.0535756,0.992535,-4.50964,15.0395,-135.675,0.005241,0,1685629176,372002809
1,NDI-MF2 s/n:3BAA9000,670,Port:10,0,Enabled,0.0976691,0.0510281,-0.0521532,0.992541,-4.80685,15.7717,-135.51,0.00384556,0,1685629176,396929077
1,NDI-MF2 s/n:3BAA9000,678,Port:10,0,Enabled,0.0986924,0.0502059,-0.0503516,0.992574,-5.06833,16.4152,-135.291,0.00785128,0,1685629176,421938560
1,NDI-MF2 s/n:3BAA9000,686,Port:10,0,Enabled,0.0995852,0.049454,-0.0489399,0.992594,-5.29711,17.1141,-135.104,0.00707477,0,1685629176,446993638
1,NDI-MF2 s/n:3BAA9000,694,Port:10,0,Enabled,0.100447,0.0487237,-0.0483843,0.99257,-5.52149,17.8424,-135,0.00377671,0,1685629176,471976133
1,NDI-MF2 s/n:3BAA9000,702,Port:10,0,Enabled,0.10147,0.0480659,-0.0474134,0.992545,-5.72048,18.5078,-134.891,0.0049829,0,1685629176,496974122
1,NDI-MF2 s/n:3BAA9000,710,Port:10,0,Enabled,0.102624,0.0474449,-0.0461463,0.992516,-5.93744,19.108,-134.785,0.00483546,0,1685629176,521913307
1,NDI-MF2 s/n:3BAA9000,718,Port:10,0,Enabled,0.103558,0.046806,-0.0447672,0.992513,-6.15953,19.7337,-134.648,0.00384883,0,1685629176,546955060
1,NDI-MF2 s/n:3BAA9000,726,Port:10,0,Enabled,0.104391,0.0460581,-0.0437255,0.992507,-6.3369,20.3858,-134.566,0.00484693,0,1685629176,571929347
1,NDI-MF2 s/n:3BAA9000,734,Port:10,0,Enabled,0.105197,0.0451032,-0.0430514,0.992495,-6.48163,20.9815,-134.475,0.0110109,0,1685629176,597017062
1,NDI-MF2 s/n:3BAA9000,742,Port:10,0,Enabled,0.106186,0.0443097,-0.0415752,0.992488,-6.65982,21.5214,-134.351,0.00855082,0,1685629176,621978843
1,NDI-MF2 s/n:3BAA9000,750,Port:10,0,Enabled,0.107173,0.0436289,-0.0401471,0.992471,-6.81563,22.0791,-134.238,0.00767158,0,1685629176,646885302
1,NDI-MF2 s/n:3BAA9000,758,Port:10,0,Enabled,0.1081,0.042922,-0.0391006,0.992443,-7.00787,22.6984,-134.143,0.00780115,0,1685629176,671906610
1,NDI-MF2 s/n:3BAA9000,766,Port:10,0,Enabled,0.109205,0.0423266,-0.0377821,0.992399,-7.24804,23.3038,-134.011,0.00550329,0,1685629176,697007871
1,NDI-MF2 s/n:3BAA9000,774,Port:10,0,Enabled,0.110128,0.0416871,-0.0365866,0.992369,-7.42855,23.8914,-133.958,0.00579726,0,1685629176,721927093
1,NDI-MF2 s/n:3BAA9000,782,Port:10,0,Enabled,0.11107,0.0409877,-0.0353192,0.992339,-7.62366,24.435,-133.862,0.00472442,0,1685629176,746953777
1,NDI-MF2 s/n:3BAA9000,790,Port:10,0,Enabled,0.111946,0.040257,-0.0344149,0.992302,-7.78308,24.9322,-133.802,0.0063023,0,1685629176,771946913
1,NDI-MF2 s/n:3BAA9000,798,Port:10,0,Enabled,0.112826,0.0395258,-0.0335089,0.992263,-7.94965,25.4401,-133.73,0.00815869,0,1685629176,796895706
1,NDI-MF2 s/n:3BAA9000,806,Port:10,0,Enabled,0.113674,0.0388618,-0.0323666,0.99223,-8.14424,25.9554,-133.617,0.00930624,0,1685629176,821947584
1,NDI-MF2 s/n:3BAA9000,814,Port:10,0,Enabled,0.114593,0.0380704,-0.0309261,0.992201,-8.31992,26.3782,-133.507,0.00627073,0,1685629176,846978933
1,NDI-MF2 s/n:3BAA9000,822,Port:10,0,Enabled,0.11546,0.0374435,-0.0299268,0.992155,-8.45587,26.8802,-133.454,0.00731693,0,1685629176,871918164
1,NDI-MF2 s/n:3BAA9000,830,Port:10,0,Enabled,0.116337,0.0368224,-0.0292411,0.992096,-8.55989,27.4405,-133.45,0.0106803,0,1685629176,896912683
1,NDI-MF2 s/n:3BAA9000,838,Port:10,0,Enabled,0.117234,0.0362665,-0.0283272,0.992038,-8.74501,27.9625,-133.397,0.0110895,0,1685629176,921841008
1,NDI-MF2 s/n:3BAA9000,846,Port:10,0,Enabled,0.118119,0.0356696,-0.0270734,0.991989,-8.88206,28.4694,-133.333,0.0106275,0,1685629176,946876021
1,NDI-MF2 s/n:3BAA9000,854,Port:10,0,Enabled,0.119027,0.0350716,-0.0256964,0.991939,-9.02244,28.9516,-133.313,0.00869805,0,1685629176,971822952
1,NDI-MF2 s/n:3BAA9000,862,Port:10,0,Enabled,0.119882,0.0344075,-0.0246608,0.991885,-9.1739,29.4146,-133.25,0.00867113,0,1685629176,996862119
1,NDI-MF2 s/n:3BAA9000,870,Port:10,0,Enabled,0.120763,0.0337871,-0.0236262,0.991825,-9.30289,29.886,-133.207,0.00838911,0,1685629177,21806740
1,NDI-MF2 s/n:3BAA9000,878,Port:10,0,Enabled,0.12147,0.0331944,-0.0228465,0.991777,-9.42344,30.3541,-133.185,0.0116634,0,1685629177,46814984
1,NDI-MF2 s/n:3BAA9000,886,Port:10,0,Enabled,0.122297,0.0325101,-0.021907,0.991719,-9.53834,30.8502,-133.152,0.0123599,0,1685629177,71846252
1,NDI-MF2 s/n:3BAA9000,894,Port:10,0,Enabled,0.123177,0.0319541,-0.0209514,0.991649,-9.65592,31.3408,-133.155,0.0132329,0,1685629177,96764722
1,NDI-MF2 s/n:3BAA9000,902,Port:10,0,Enabled,0.124008,0.031405,-0.019602,0.99159,-9.81214,31.7975,-133.074,0.0105893,0,1685629177,121850803
1,NDI-MF2 s/n:3BAA9000,910,Port:10,0,Enabled,0.124925,0.0308627,-0.0182425,0.991518,-9.97198,32.2885,-132.995,0.00691209,0,1685629177,146778925
1,NDI-MF2 s/n:3BAA9000,918,Port:10,0,Enabled,0.125688,0.0302454,-0.0173068,0.991458,-10.0391,32.78,-132.984,0.00873581,0,1685629177,171858140
1,NDI-MF2 s/n:3BAA9000,926,Port:10,0,Enabled,0.126477,0.0295668,-0.0162033,0.991397,-10.1558,33.246,-132.961,0.00715694,0,1685629177,196762188
1,NDI-MF2 s/n:3BAA9000,934,Port:10,0,Enabled,0.127313,0.0289469,-0.0151935,0.991324,-10.2316,33.7026,-132.951,0.00774377,0,1685629177,221753518
1,NDI-MF2 s/n:3BAA9000,942,Port:10,0,Enabled,0.128081,0.0285322,-0.0141842,0.991252,-10.2602,34.1701,-132.974,0.00867609,0,1685629177,246750038
1,NDI-MF2 s/n:3BAA9000,950,Port:10,0,Enabled,0.128927,0.028047,-0.0130354,0.991172,-10.3091,34.5246,-133.001,0.00765717,0,1685629177,271749196
1,NDI-MF2 s/n:3BAA9000,958,Port:10,0,Enabled,0.129835,0.0277039,-0.0126534,0.991068,-10.373,34.8954,-133.043,0.0125031,0,1685629177,296773299
1,NDI-MF2 s/n:3BAA9000,966,Port:10,0,Enabled,0.130628,0.0272624,-0.0119093,0.990985,-10.4535,35.2341,-133.065,0.0132366,0,1685629177,321723987
1,NDI-MF2 s/n:3BAA9000,974,Port:10,0,Enabled,0.131345,0.0266378,-0.0110858,0.990917,-10.5357,35.5957,-133.071,0.01329,0,1685629177,346752078
1,NDI-MF2 s/n:3BAA9000,982,Port:10,0,Enabled,0.13206,0.0259633,-0.0101597,0.99085,-10.6149,35.9247,-133.091,0.0128812,0,1685629177,371764578
1,NDI-MF2 s/n:3BAA9000,990,Port:10,0,Enabled,0.132858,0.0254212,-0.00943784,0.990764,-10.7007,36.2917,-133.122,0.014464,0,1685629177,396767552
1,NDI-MF2 s/n:3BAA9000,998,Port:10,0,Enabled,0.133605,0.0249196,-0.0085413,0.990685,-10.7996,36.6403,-133.141,0.014349,0,1685629177,421693079
1,NDI-MF2 s/n:3BAA9000,1006,Port:10,0,Enabled,0.134386,0.0244718,-0.00762322,0.990598,-10.8854,36.9596,-133.189,0.0131639,0,1685629177,446687329
1,NDI-MF2 s/n:3BAA9000,1014,Port:10,0,Enabled,0.135144,0.0239626,-0.00672127,0.990513,-10.9485,37.2443,-133.21,0.0136929,0,1685629177,471712665
1,NDI-MF2 s/n:3BAA9000,1022,Port:10,0,Enabled,0.135954,0.0235077,-0.00593961,0.990419,-11.0463,37.5343,-133.234,0.0129904,0,1685629177,496724744
1,NDI-MF2 s/n:3BAA9000,1030,Port:10,0,Enabled,0.136702,0.022975,-0.0051639,0.990332,-11.1141,37.773,-133.266,0.0137405,0,1685629177,521676160
1,NDI-MF2 s/n:3BAA9000,1038,Port:10,0,Enabled,0.13744,0.0226388,-0.00437402,0.990242,-11.1783,38.0336,-133.291,0.0142427,0,1685629177,546789111
1,NDI-MF2 s/n:3BAA9000,1046,Port:10,0,Enabled,0.138174,0.0221069,-0.00337774,0.990155,-11.1543,38.2839,-133.345,0.0149037,0,1685629177,571712386
1,NDI-MF2 s/n:3BAA9000,1054,Port:10,0,Enabled,0.138897,0.0216804,-0.00270692,0.990066,-11.203,38.5301,-133.382,0.0133206,0,1685629177,596671475
1,NDI-MF2 s/n:3BAA9000,1062,Port:10,0,Enabled,0.139575,0.0211048,-0.00195958,0.989985,-11.2506,38.7452,-133.385,0.0126168,0,1685629177,621702636
1,NDI-MF2 s/n:3BAA9000,1070,Port:10,0,Enabled,0.140204,0.0206334,-0.000937835,0.989907,-11.3179,38.9729,-133.385,0.0116149,0,1685629177,646786274
1,NDI-MF2 s/n:3BAA9000,1078,Port:10,0,Enabled,0.140887,0.0203048,-0.000544891,0.989817,-11.392,39.2573,-133.415,0.0136742,0,1685629177,670707116
1,NDI-MF2 s/n:3BAA9000,1086,Port:10,0,Enabled,0.141586,0.0200141,7.98661e-06,0.989723,-11.4744,39.4981,-133.457,0.0146743,0,1685629177,695709638
1,NDI-MF2 s/n:3BAA9000,1094,Port:10,0,Enabled,0.142217,0.019634,0.000849736,0.989641,-11.5394,39.6812,-133.485,0.0142821,0,1685629177,720777981
1,NDI-MF2 s/n:3BAA9000,1102,Port:10,0,Enabled,0.142896,0.019243,0.00170781,0.989549,-11.5816,39.8683,-133.504,0.0127848,0,1685629177,745700277
1,NDI-MF2 s/n:3BAA9000,1110,Port:10,0,Enabled,0.143566,0.0188485,0.00237744,0.989458,-11.573,40.0953,-133.57,0.0133737,0,1685629177,770838696
1,NDI-MF2 s/n:3BAA9000,1118,Port:10,0,Enabled,0.144272,0.0183895,0.00305609,0.989363,-11.5772,40.2611,-133.639,0.0132147,0,1685629177,795712084
1,NDI-MF2 s/n:3BAA9000,1126,Port:10,0,Enabled,0.144964,0.0178957,0.00387191,0.989268,-11.5748,40.3908,-133.698,0.012405,0,1685629177,820659348
1,NDI-MF2 s/n:3BAA9000,1134,Port:10,0,Enabled,0.145652,0.0176212,0.00485409,0.989167,-11.6307,40.5499,-133.697,0.0111576,0,1685629177,845701666
1,NDI-MF2 s/n:3BAA9000,1142,Port:10,0,Enabled,0.146227,0.0171877,0.00523866,0.989088,-11.6324,40.8037,-133.753,0.0132523,0,1685629177,870707500
1,NDI-MF2 s/n:3BAA9000,1150,Port:10,0,Enabled,0.146841,0.0167448,0.00583226,0.989001,-11.6838,41.0739,-133.8,0.013074,0,1685629177,895711663
1,NDI-MF2 s/n:3BAA9000,1158,Port:10,0,Enabled,0.14747,0.0164637,0.00648565,0.988908,-11.6826,41.3075,-133.862,0.0136871,0,1685629177,920701998
1,NDI-MF2 s/n:3BAA9000,1166,Port:10,0,Enabled,0.148079,0.0162466,0.00721045,0.988816,-11.7337,41.5443,-133.877,0.0121814,0,1685629177,945706109
1,NDI-MF2 s/n:3BAA9000,1174,Port:10,0,Enabled,0.148649,0.0157698,0.00800338,0.988732,-11.743,41.6993,-133.92,0.0112669,0,1685629177,970723847
1,NDI-MF2 s/n:3BAA9000,1182,Port:10,0,Enabled,0.149229,0.0154507,0.00831487,0.988647,-11.8079,41.9122,-133.987,0.0132222,0,1685629177,995668289
1,NDI-MF2 s/n:3BAA9000,1190,Port:10,0,Enabled,0.149781,0.014966,0.00946544,0.988561,-11.8534,42.0312,-134.053,0.0107428,0,1685629178,20663247
1,NDI-MF2 s/n:3BAA9000,1198,Port:10,0,Enabled,0.150428,0.0144774,0.010424,0.98846,-11.8712,42.1223,-134.142,0.00968466,0,1685629178,45702723
1,NDI-MF2 s/n:3BAA9000,1206,Port:10,0,Enabled,0.151013,0.0144224,0.0103219,0.988373,-11.9943,42.2577,-134.155,0.0122805,0,1685629178,70682299
1,NDI-MF2 s/n:3BAA9000,1214,Port:10,0,Enabled,0.151542,0.0143886,0.0102502,0.988293,-12.096,42.443,-134.226,0.0155802,0,1685629178,95657539
1,NDI-MF2 s/n:3BAA9000,1222,Port:10,0,Enabled,0.152058,0.014225,0.010842,0.98821,-12.1102,42.6011,-134.343,0.0161064,0,1685629178,120660464
1,NDI-MF2 s/n:3BAA9000,1230,Port:10,0,Enabled,0.152645,0.0138544,0.011558,0.988116,-12.0583,42.6373,-134.434,0.0141171,0,1685629178,145618686
1,NDI-MF2 s/n:3BAA9000,1238,Port:10,0,Enabled,0.153221,0.0134887,0.0120119,0.988027,-12.0366,42.6336,-134.473,0.0148363,0,1685629178,170728195
1,NDI-MF2 s/n:3BAA9000,1246,Port:10,0,Enabled,0.153772,0.0132114,0.0122382,0.987942,-11.9674,42.6821,-134.544,0.0181171,0,1685629178,195635069
1,NDI-MF2 s/n:3BAA9000,1254,Port:10,0,Enabled,0.154363,0.0129696,0.0127004,0.987848,-11.9105,42.7577,-134.629,0.0170987,0,1685629178,220648288
1,NDI-MF2 s/n:3BAA9000,1262,Port:10,0,Enabled,0.154957,0.0127379,0.0135524,0.987746,-11.8585,42.7648,-134.683,0.0149823,0,1685629178,245645712
1,NDI-MF2 s/n:3BAA9000,1270,Port:10,0,Enabled,0.155543,0.012482,0.0140686,0.98765,-11.8144,42.7539,-134.734,0.0153547,0,1685629178,270580115
1,NDI-MF2 s/n:3BAA9000,1278,Port:10,0,Enabled,0.156094,0.0120963,0.0143962,0.987563,-11.7402,42.7763,-134.829,0.0154705,0,1685629178,295742070
1,NDI-MF2 s/n:3BAA9000,1286,Port:10,0,Enabled,0.156663,0.011723,0.015096,0.987467,-11.6754,42.7673,-134.912,0.0149602,0,1685629178,320578145
1,NDI-MF2 s/n:3BAA9000,1294,Port:10,0,Enabled,0.157212,0.0114197,0.0159488,0.98737,-11.5843,42.7377,-135.033,0.0144613,0,1685629178,345562551
1,NDI-MF2 s/n:3BAA9000,1302,Port:10,0,Enabled,0.157773,0.011541,0.016259,0.987274,-11.6192,42.7281,-135.109,0.0132012,0,1685629178,370701511
1,NDI-MF2 s/n:3BAA9000,1310,Port:10,0,Enabled,0.158207,0.0114562,0.0163794,0.987204,-11.6714,42.7386,-135.19,0.0145104,0,1685629178,395609606
1,NDI-MF2 s/n:3BAA9000,1318,Port:10,0,Enabled,0.158643,0.0112218,0.0166825,0.987131,-11.6691,42.7351,-135.315,0.0162423,0,1685629178,420581214
1,NDI-MF2 s/n:3BAA9000,1326,Port:10,0,Enabled,0.159083,0.0109738,0.0169976,0.987058,-11.6485,42.7103,-135.418,0.0171028,0,1685629178,445576903
1,NDI-MF2 s/n:3BAA9000,1334,Port:10,0,Enabled,0.159612,0.0107403,0.0172871,0.98697,-11.5729,42.6625,-135.551,0.0177018,0,1685629178,470573333
1,NDI-MF2 s/n:3BAA9000,1342,Port:10,0,Enabled,0.160123,0.0106771,0.0176848,0.986881,-11.579,42.5534,-135.634,0.0165788,0,1685629178,495568712
1,NDI-MF2 s/n:3BAA9000,1350,Port:10,0,Enabled,0.160622,0.0104833,0.0181484,0.986794,-11.5462,42.4383,-135.703,0.0156971,0,1685629178,520577367
1,NDI-MF2 s/n:3BAA9000,1358,Port:10,0,Enabled,0.16113,0.0102253,0.0185125,0.986706,-11.5006,42.3058,-135.801,0.0148202,0,1685629178,545521389
1,NDI-MF2 s/n:3BAA9000,1366,Port:10,0,Enabled,0.161597,0.0101096,0.0188114,0.986626,-11.4612,42.1516,-135.869,0.0160792,0,1685629178,570517687
1,NDI-MF2 s/n:3BAA9000,1374,Port:10,0,Enabled,0.162082,0.0100275,0.0189447,0.986544,-11.4063,41.9839,-135.957,0.0163002,0,1685629178,595496990
1,NDI-MF2 s/n:3BAA9000,1382,Port:10,0,Enabled,0.162539,0.00988926,0.0192387,0.986465,-11.3247,41.7856,-136.05,0.0165759,0,1685629178,620543842
1,NDI-MF2 s/n:3BAA9000,1390,Port:10,0,Enabled,0.163039,0.00967683,0.0196034,0.986377,-11.2171,41.5665,-136.146,0.0153508,0,1685629178,645489053
1,NDI-MF2 s/n:3BAA9000,1398,Port:10,0,Enabled,0.163569,0.00952474,0.0197452,0.986288,-11.1587,41.3837,-136.226,0.0142329,0,1685629178,670488821
1,NDI-MF2 s/n:3BAA9000,1406,Port:10,0,Enabled,0.163927,0.00943173,0.0197829,0.986229,-11.125,41.2385,-136.306,0.0169711,0,1685629178,695531499
1,NDI-MF2 s/n:3BAA9000,1414,Port:10,0,Enabled,0.16436,0.00943091,0.0197956,0.986157,-11.1169,41.1012,-136.408,0.0189624,0,1685629178,720513623
1,NDI-MF2 s/n:3BAA9000,1422,Port:10,0,Enabled,0.164747,0.00931283,0.0201529,0.986086,-11.1251,40.8873,-136.458,0.0181956,0,1685629178,745519189
1,NDI-MF2 s/n:3BAA9000,1430,Port:10,0,Enabled,0.165161,0.00906861,0.0201705,0.986018,-11.1571,40.6044,-136.478,0.0170092,0,1685629178,770464459
1,NDI-MF2 s/n:3BAA9000,1438,Port:10,0,Enabled,0.165536,0.00889515,0.0202167,0.985957,-11.1807,40.3004,-136.483,0.0182198,0,1685629178,795464026
1,NDI-MF2 s/n:3BAA9000,1446,Port:10,0,Enabled,0.165972,0.00878467,0.0206087,0.985876,-11.2224,39.9825,-136.478,0.0166097,0,1685629178,820450520
1,NDI-MF2 s/n:3BAA9000,1454,Port:10,0,Enabled,0.166328,0.00847188,0.0207494,0.985816,-11.2196,39.6583,-136.487,0.0158583,0,1685629178,845495836
1,NDI-MF2 s/n:3BAA9000,1462,Port:10,0,Enabled,0.166717,0.00839076,0.0208225,0.985749,-11.2659,39.3407,-136.49,0.0160348,0,1685629178,870519009
1,NDI-MF2 s/n:3BAA9000,1470,Port:10,0,Enabled,0.167137,0.00828573,0.0210685,0.985674,-11.3289,39.023,-136.479,0.015083,0,1685629178,895428690
1,NDI-MF2 s/n:3BAA9000,1478,Port:10,0,Enabled,0.167459,0.00819535,0.0210545,0.98562,-11.4216,38.7641,-136.491,0.0147917,0,1685629178,920449488
1,NDI-MF2 s/n:3BAA9000,1486,Port:10,0,Enabled,0.167725,0.00797382,0.0209665,0.985579,-11.4993,38.5453,-136.502,0.0156749,0,1685629178,945467490
1,NDI-MF2 s/n:3BAA9000,1494,Port:10,0,Enabled,0.16806,0.00770427,0.0210158,0.985523,-11.5627,38.3312,-136.522,0.014956,0,1685629178,970468049
1,NDI-MF2 s/n:3BAA9000,1502,Port:10,0,Enabled,0.168338,0.00751857,0.0212577,0.985471,-11.6477,38.0602,-136.521,0.0134973,0,1685629178,995419420
1,NDI-MF2 s/n:3BAA9000,1510,Port:10,0,Enabled,0.168711,0.00753504,0.021323,0.985406,-11.7374,37.8161,-136.53,0.013199,0,1685629179,20481346
1,NDI-MF2 s/n:3BAA9000,1518,Port:10,0,Enabled,0.169025,0.00752594,0.0214476,0.98535,-11.7995,37.5323,-136.514,0.0141166,0,1685629179,45427976
1,NDI-MF2 s/n:3BAA9000,1526,Port:10,0,Enabled,0.169263,0.00729802,0.0212104,0.985316,-11.7804,37.2546,-136.579,0.0164664,0,1685629179,70414700
1,NDI-MF2 s/n:3BAA9000,1534,Port:10,0,Enabled,0.169618,0.00729024,0.0212103,0.985255,-11.7974,36.9848,-136.625,0.0166103,0,1685629179,95412279
1,NDI-MF2 s/n:3BAA9000,1542,Port:10,0,Enabled,0.169914,0.00729746,0.0214161,0.985199,-11.8421,36.7186,-136.641,0.0141848,0,1685629179,120411412
1,NDI-MF2 s/n:3BAA9000,1550,Port:10,0,Enabled,0.170204,0.00712979,0.0216516,0.985145,-11.8708,36.3888,-136.616,0.0139197,0,1685629179,145495283
1,NDI-MF2 s/n:3BAA9000,1558,Port:10,0,Enabled,0.170511,0.00690211,0.0215614,0.985096,-11.8664,36.0977,-136.648,0.0138145,0,1685629179,170473689
1,NDI-MF2 s/n:3BAA9000,1566,Port:10,0,Enabled,0.170804,0.00689187,0.0214623,0.985047,-11.8774,35.8172,-136.66,0.0144501,0,1685629179,195402278
1,NDI-MF2 s/n:3BAA9000,1574,Port:10,0,Enabled,0.171158,0.00686729,0.0215975,0.984983,-11.8658,35.4867,-136.649,0.0146334,0,1685629179,219465815
1,NDI-MF2 s/n:3BAA9000,1582,Port:10,0,Enabled,0.171439,0.00686989,0.0216491,0.984933,-11.8716,35.1676,-136.63,0.0147327,0,1685629179,244512831
1,NDI-MF2 s/n:3BAA9000,1590,Port:10,0,Enabled,0.171673,0.0067509,0.021486,0.984897,-11.8581,34.9275,-136.656,0.015535,0,1685629179,269496722
1,NDI-MF2 s/n:3BAA9000,1598,Port:10,0,Enabled,0.171972,0.00670983,0.0214801,0.984845,-11.8513,34.6554,-136.647,0.0150061,0,1685629179,294516974
1,NDI-MF2 s/n:3BAA9000,1606,Port:10,0,Enabled,0.172274,0.00665009,0.0216304,0.984789,-11.7694,34.3305,-136.661,0.0141248,0,1685629179,320384292
1,NDI-MF2 s/n:3BAA9000,1614,Port:10,0,Enabled,0.172572,0.00666423,0.0218357,0.984732,-11.7149,33.9873,-136.636,0.013456,0,1685629179,344484228
1,NDI-MF2 s/n:3BAA9000,1622,Port:10,0,Enabled,0.172855,0.00668264,0.0217632,0.984684,-11.6499,33.6791,-136.643,0.0137715,0,1685629179,369461181
1,NDI-MF2 s/n:3BAA9000,1630,Port:10,0,Enabled,0.173174,0.00675751,0.0214558,0.984634,-11.5856,33.3873,-136.645,0.0148055,0,1685629179,394535114
1,NDI-MF2 s/n:3BAA9000,1638,Port:10,0,Enabled,0.173408,0.0067429,0.021344,0.984596,-11.5095,33.0878,-136.657,0.0154474,0,1685629179,419524178
1,NDI-MF2 s/n:3BAA9000,1646,Port:10,0,Enabled,0.173665,0.00672967,0.0215872,0.984545,-11.4465,32.7606,-136.644,0.0144585,0,1685629179,444482874
1,NDI-MF2 s/n:3BAA9000,1654,Port:10,0,Enabled,0.173944,0.00664259,0.0218655,0.98449,-11.3638,32.4347,-136.626,0.0134544,0,1685629179,469356253
1,NDI-MF2 s/n:3BAA9000,1662,Port:10,0,Enabled,0.174248,0.00667351,0.0219373,0.984435,-11.304,32.1172,-136.626,0.0124157,0,1685629179,494443277
1,NDI-MF2 s/n:3BAA9000,1670,Port:10,0,Enabled,0.174552,0.00669917,0.0217625,0.984385,-11.2214,31.8105,-136.645,0.0137886,0,1685629179,519370692
1,NDI-MF2 s/n:3BAA9000,1678,Port:10,0,Enabled,0.174769,0.00677021,0.0216704,0.984348,-11.1824,31.5139,-136.629,0.0139966,0,1685629179,544485485
1,NDI-MF2 s/n:3BAA9000,1686,Port:10,0,Enabled,0.175037,0.0066841,0.0217785,0.984298,-11.0994,31.2398,-136.629,0.0128492,0,1685629179,569424241
1,NDI-MF2 s/n:3BAA9000,1694,Port:10,0,Enabled,0.175283,0.00673167,0.0219391,0.984251,-11.0628,30.9712,-136.63,0.0118225,0,1685629179,594381881
1,NDI-MF2 s/n:3BAA9000,1702,Port:10,0,Enabled,0.175478,0.00671948,0.0219042,0.984217,-11.0019,30.7313,-136.642,0.0125933,0,1685629179,619396812
1,NDI-MF2 s/n:3BAA9000,1710,Port:10,0,Enabled,0.175654,0.0067303,0.0218293,0.984187,-10.9582,30.5249,-136.641,0.0129749,0,1685629179,644380742
1,NDI-MF2 s/n:3BAA9000,1718,Port:10,0,Enabled,0.175885,0.00669488,0.0218544,0.984145,-10.9006,30.2963,-136.631,0.0124349,0,1685629179,669334102
1,NDI-MF2 s/n:3BAA9000,1726,Port:10,0,Enabled,0.176106,0.00672698,0.0219729,0.984103,-10.8574,30.0431,-136.618,0.01132,0,1685629179,694392809
1,NDI-MF2 s/n:3BAA9000,1734,Port:10,0,Enabled,0.176322,0.00671647,0.0218201,0.984068,-10.7918,29.8388,-136.646,0.0111465,0,1685629179,719379818
1,NDI-MF2 s/n:3BAA9000,1742,Port:10,0,Enabled,0.176505,0.00674702,0.0218229,0.984035,-10.7534,29.6135,-136.631,0.0125273,0,1685629179,744369286
1,NDI-MF2 s/n:3BAA9000,1750,Port:10,0,Enabled,0.176705,0.00665932,0.021948,0.983997,-10.6876,29.3581,-136.626,0.0119487,0,1685629179,769373517
1,NDI-MF2 s/n:3BAA9000,1758,Port:10,0,Enabled,0.176911,0.00665409,0.0218421,0.983962,-10.6255,29.1062,-136.625,0.0120072,0,1685629179,794301303
1,NDI-MF2 s/n:3BAA9000,1766,Port:10,0,Enabled,0.177081,0.00664953,0.0217814,0.983933,-10.5677,28.8655,-136.629,0.012557,0,1685629179,819324995
1,NDI-MF2 s/n:3BAA9000,1774,Port:10,0,Enabled,0.177279,0.00661197,0.0219026,0.983895,-10.5233,28.6432,-136.632,0.012349,0,1685629179,844323943
1,NDI-MF2 s/n:3BAA9000,1782,Port:10,0,Enabled,0.177493,0.00661989,0.0221536,0.98385,-10.4936,28.4196,-136.615,0.0100277,0,1685629179,869325757
1,NDI-MF2 s/n:3BAA9000,1790,Port:10,0,Enabled,0.177733,0.00671821,0.0222159,0.983805,-10.4508,28.1775,-136.614,0.0101397,0,1685629179,894357791
1,NDI-MF2 s/n:3BAA9000,1798,Port:10,0,Enabled,0.177942,0.00672598,0.0220544,0.983771,-10.3908,27.9361,-136.621,0.0118947,0,1685629179,919398121
1,NDI-MF2 s/n:3BAA9000,1806,Port:10,0,Enabled,0.178117,0.00670979,0.0220058,0.983741,-10.343,27.7271,-136.612,0.0121206,0,1685629179,944315275
1,NDI-MF2 s/n:3BAA9000,1814,Port:10,0,Enabled,0.178301,0.00666285,0.0219547,0.983708,-10.2978,27.558,-136.622,0.0112558,0,1685629179,969280217
1,NDI-MF2 s/n:3BAA9000,1822,Port:10,0,Enabled,0.178468,0.00666781,0.0221717,0.983673,-10.2653,27.3222,-136.609,0.00986043,0,1685629179,994263071
1,NDI-MF2 s/n:3BAA9000,1830,Port:10,0,Enabled,0.178704,0.00665593,0.0222728,0.983628,-10.2019,27.0513,-136.62,0.00938318,0,1685629180,19310570
1,NDI-MF2 s/n:3BAA9000,1838,Port:10,0,Enabled,0.178914,0.00669136,0.0221751,0.983592,-10.1525,26.8162,-136.621,0.0109089,0,1685629180,44305210
1,NDI-MF2 s/n:3BAA9000,1846,Port:10,0,Enabled,0.179048,0.00665906,0.0221367,0.983569,-10.1143,26.6527,-136.626,0.0112431,0,1685629180,69227457
1,NDI-MF2 s/n:3BAA9000,1854,Port:10,0,Enabled,0.179163,0.00667034,0.0221694,0.983547,-10.0945,26.5233,-136.61,0.0109635,0,1685629180,94224599
1,NDI-MF2 s/n:3BAA9000,1862,Port:10,0,Enabled,0.178957,0.00665111,0.0223112,0.983582,-10.1625,26.8586,-136.64,0.0333266,0,1685629180,119263974
1,NDI-MF2 s/n:3BAA9000,1870,Port:10,0,Enabled,0.179099,0.00663229,0.0223347,0.983555,-10.118,26.6819,-136.636,0.0311625,0,1685629180,144227013
1,NDI-MF2 s/n:3BAA9000,1878,Port:10,0,Enabled,0.179254,0.00664377,0.0222896,0.983528,-10.0809,26.5098,-136.634,0.0291736,0,1685629180,169216020
1,NDI-MF2 s/n:3BAA9000,1886,Port:10,0,Enabled,0.179421,0.00663309,0.0223497,0.983496,-10.0426,26.328,-136.631,0.0293786,0,1685629180,194221412
1,NDI-MF2 s/n:3BAA9000,1894,Port:10,0,Enabled,0.179007,0.00584507,0.024558,0.983524,-9.95023,26.2777,-136.612,0.0260332,0,1685629180,219234565
1,NDI-MF2 s/n:3BAA9000,1902,Port:10,0,Enabled,0.180208,0.00491201,0.0276696,0.983227,-9.70919,26.9212,-136.689,0.0188114,0,1685629180,244199330
1,NDI-MF2 s/n:3BAA9000,1910,Port:10,0,Enabled,0.180883,0.00462635,0.0289996,0.983066,-9.72724,26.3793,-136.513,0.0260856,0,1685629180,269219752
1,NDI-MF2 s/n:3BAA9000,1918,Port:10,0,Enabled,0.181252,0.00637455,0.0250203,0.983098,-9.86619,26.4079,-136.644,0.0121634,0,1685629180,294186698
1,NDI-MF2 s/n:3BAA9000,1926,Port:10,0,Enabled,0.180838,0.00670883,0.0241585,0.983193,-9.64193,26.2159,-136.734,0.0169772,0,1685629180,319270150
1,NDI-MF2 s/n:3BAA9000,1934,Port:10,0,Enabled,0.180589,0.00634944,0.0260513,0.983193,-9.40087,25.5091,-136.633,0.00541689,0,1685629180,344190490
1,NDI-MF2 s/n:3BAA9000,1942,Port:10,0,Enabled,0.180897,0.00737913,0.0264164,0.983119,-9.23127,24.9051,-136.658,0.00438818,0,1685629180,369187758
1,NDI-MF2 s/n:3BAA9000,1950,Port:10,0,Enabled,0.181104,0.00875929,0.0259369,0.983083,-9.24818,24.5155,-136.63,0.00356824,0,1685629180,394189493
1,NDI-MF2 s/n:3BAA9000,1958,Port:10,0,Enabled,0.180535,0.00882281,0.0251202,0.983208,-8.99334,24.3446,-136.655,0.00672816,0,1685629180,419180836
1,NDI-MF2 s/n:3BAA9000,1966,Port:10,0,Enabled,0.179536,0.00897972,0.0245486,0.983404,-8.69253,24.2788,-136.757,0.0134837,0,1685629180,444174222
1,NDI-MF2 s/n:3BAA9000,1974,Port:10,0,Enabled,0.179331,0.0102048,0.0241662,0.983439,-8.64155,24.266,-136.829,0.0161803,0,1685629180,469183775
1,NDI-MF2 s/n:3BAA9000,1982,Port:10,0,Enabled,0.179109,0.0115607,0.0232829,0.983486,-8.51503,24.0002,-136.856,0.0154606,0,1685629180,494283521
1,NDI-MF2 s/n:3BAA9000,1990,Port:10,0,Enabled,0.178353,0.0118671,0.0231971,0.983622,-8.27642,23.5435,-136.75,0.0115316,0,1685629180,519228855
1,NDI-MF2 s/n:3BAA9000,1998,Port:10,0,Enabled,0.177067,0.0115485,0.0227617,0.983868,-7.923,23.1457,-136.84,0.0129275,0,1685629180,544126701
1,NDI-MF2 s/n:3BAA9000,2006,Port:10,0,Enabled,0.175959,0.0118352,0.0219571,0.984081,-7.53667,22.8555,-137.088,0.0192232,0,1685629180,569150050
1,NDI-MF2 s/n:3BAA9000,2014,Port:10,0,Enabled,0.175403,0.0129553,0.0221009,0.984163,-7.48309,22.5206,-137.183,0.0123975,0,1685629180,594147069
1,NDI-MF2 s/n:3BAA9000,2022,Port:10,0,Enabled,0.174724,0.013966,0.0224768,0.984262,-7.50015,22.2015,-137.035,0.00574184,0,1685629180,619146234
1,NDI-MF2 s/n:3BAA9000,2030,Port:10,0,Enabled,0.173367,0.0141811,0.0225723,0.984496,-7.26274,21.9049,-136.938,0.00815596,0,1685629180,644142874
1,NDI-MF2 s/n:3BAA9000,2038,Port:10,0,Enabled,0.17229,0.0152992,0.0207012,0.98471,-7.11369,21.8361,-137.063,0.0107246,0,1685629180,669125056
1,NDI-MF2 s/n:3BAA9000,2046,Port:10,0,Enabled,0.171404,0.0167449,0.0187482,0.98488,-7.00228,21.7208,-137.222,0.0156292,0,1685629180,694090874
1,NDI-MF2 s/n:3BAA9000,2054,Port:10,0,Enabled,0.170769,0.017862,0.0184021,0.984977,-6.94395,21.3603,-137.167,0.00982064,0,1685629180,719181819
1,NDI-MF2 s/n:3BAA9000,2062,Port:10,0,Enabled,0.169439,0.0182398,0.0179506,0.985208,-6.74875,21.0607,-137.164,0.00601036,0,1685629180,744130173
1,NDI-MF2 s/n:3BAA9000,2070,Port:10,0,Enabled,0.167864,0.0187521,0.0168075,0.985488,-6.56723,20.9407,-137.236,0.0101378,0,1685629180,769123887
1,NDI-MF2 s/n:3BAA9000,2078,Port:10,0,Enabled,0.166974,0.0200949,0.0156532,0.985632,-6.54801,20.8005,-137.291,0.0114641,0,1685629180,794106088
1,NDI-MF2 s/n:3BAA9000,2086,Port:10,0,Enabled,0.165974,0.0213052,0.0152226,0.985783,-6.38003,20.4938,-137.306,0.00732117,0,1685629180,819107398
1,NDI-MF2 s/n:3BAA9000,2094,Port:10,0,Enabled,0.164504,0.0215616,0.0155217,0.986019,-6.05051,20.008,-137.248,0.00707132,0,1685629180,844066651
1,NDI-MF2 s/n:3BAA9000,2102,Port:10,0,Enabled,0.163236,0.0228058,0.0134762,0.986232,-5.97698,19.9203,-137.383,0.0118297,0,1685629180,869097806
1,NDI-MF2 s/n:3BAA9000,2110,Port:10,0,Enabled,0.161995,0.0237916,0.011833,0.986434,-5.76858,19.8304,-137.614,0.0140456,0,1685629180,894057224
1,NDI-MF2 s/n:3BAA9000,2118,Port:10,0,Enabled,0.161016,0.0246718,0.0115352,0.986576,-5.6381,19.4997,-137.614,0.00877857,0,1685629180,919101757
1,NDI-MF2 s/n:3BAA9000,2126,Port:10,0,Enabled,0.159701,0.0252473,0.0109113,0.986782,-5.50574,19.1915,-137.602,0.00442989,0,1685629180,943133227
1,NDI-MF2 s/n:3BAA9000,2134,Port:10,0,Enabled,0.157984,0.025585,0.00996861,0.98706,-5.16661,18.9853,-137.742,0.00813932,0,1685629180,969065827
1,NDI-MF2 s/n:3BAA9000,2142,Port:10,0,Enabled,0.156885,0.0267865,0.0085396,0.987217,-5.07927,18.8604,-137.831,0.0113007,0,1685629180,993108503
1,NDI-MF2 s/n:3BAA9000,2150,Port:10,0,Enabled,0.156066,0.0280222,0.00821808,0.987315,-5.05594,18.5262,-137.789,0.00377884,0,1685629181,18104959
1,NDI-MF2 s/n:3BAA9000,2158,Port:10,0,Enabled,0.15479,0.0284511,0.0078815,0.987506,-4.8319,18.0443,-137.686,0.0075076,0,1685629181,43107061
1,NDI-MF2 s/n:3BAA9000,2166,Port:10,0,Enabled,0.153492,0.0293535,0.00625296,0.987694,-4.81601,17.8638,-137.693,0.00918109,0,1685629181,68105675
1,NDI-MF2 s/n:3BAA9000,2174,Port:10,0,Enabled,0.152406,0.0303163,0.00452858,0.987843,-4.66248,17.8254,-137.909,0.0104027,0,1685629181,93196673
1,NDI-MF2 s/n:3BAA9000,2182,Port:10,0,Enabled,0.151547,0.0312043,0.00403693,0.987949,-4.47617,17.4988,-137.879,0.00760708,0,1685629181,118109217
1,NDI-MF2 s/n:3BAA9000,2190,Port:10,0,Enabled,0.150332,0.0315467,0.00378451,0.988125,-4.2159,17.0432,-137.833,0.00519057,0,1685629181,143075137
1,NDI-MF2 s/n:3BAA9000,2198,Port:10,0,Enabled,0.14863,0.0317948,0.00274786,0.988378,-3.92825,16.7867,-137.838,0.0110242,0,1685629181,168132828
1,NDI-MF2 s/n:3BAA9000,2206,Port:10,0,Enabled,0.14745,0.0325814,0.00145473,0.988532,-3.86892,16.7604,-137.894,0.0117395,0,1685629181,193080094
1,NDI-MF2 s/n:3BAA9000,2214,Port:10,0,Enabled,0.146771,0.0341469,0.00052492,0.988581,-3.9564,16.7239,-137.961,0.00487955,0,1685629181,218083078
1,NDI-MF2 s/n:3BAA9000,2222,Port:10,0,Enabled,0.145586,0.0351634,-0.000706001,0.98872,-3.83452,16.419,-137.971,0.00586188,0,1685629181,243091095
1,NDI-MF2 s/n:3BAA9000,2230,Port:10,0,Enabled,0.144058,0.0360542,-0.00318669,0.988907,-3.71892,16.231,-138.047,0.0196111,0,1685629181,268058255
1,NDI-MF2 s/n:3BAA9000,2238,Port:10,0,Enabled,0.142206,0.0365979,-0.00532883,0.989146,-3.44003,16.1706,-138.241,0.0323359,0,1685629181,293086231
1,NDI-MF2 s/n:3BAA9000,2246,Port:10,0,Enabled,0.141302,0.0374373,-0.00506282,0.989245,-3.42411,15.973,-138.226,0.0198555,0,1685629181,318071184
1,NDI-MF2 s/n:3BAA9000,2254,Port:10,0,Enabled,0.13982,0.037894,-0.00538039,0.989437,-3.25715,15.6738,-138.165,0.0147484,0,1685629181,343086815
1,NDI-MF2 s/n:3BAA9000,2262,Port:10,0,Enabled,0.137979,0.0381129,-0.00648473,0.98968,-2.85833,15.4464,-138.165,0.0215343,0,1685629181,368053413
1,NDI-MF2 s/n:3BAA9000,2270,Port:10,0,Enabled,0.136442,0.0383917,-0.00698954,0.989879,-2.53579,15.1118,-138.175,0.0228045,0,1685629181,393078614
1,NDI-MF2 s/n:3BAA9000,2278,Port:10,0,Enabled,0.135666,0.0392244,-0.00668267,0.989955,-2.56998,14.718,-137.996,0.0163114,0,1685629181,418007244
1,NDI-MF2 s/n:3BAA9000,2286,Port:10,0,Enabled,0.134868,0.0400644,-0.00655973,0.990031,-2.65958,14.4466,-137.854,0.0185774,0,1685629181,443016686
1,NDI-MF2 s/n:3BAA9000,2294,Port:10,0,Enabled,0.133614,0.0412319,-0.00871256,0.990137,-2.60592,14.4413,-138.021,0.0135329,0,1685629181,468019619
1,NDI-MF2 s/n:3BAA9000,2302,Port:10,0,Enabled,0.132372,0.0422036,-0.0108204,0.990242,-2.46218,14.2818,-138.212,0.0134601,0,1685629181,493068371
1,NDI-MF2 s/n:3BAA9000,2310,Port:10,0,Enabled,0.131647,0.0432094,-0.011384,0.990289,-2.47953,13.9589,-138.185,0.00771101,0,1685629181,518008559
1,NDI-MF2 s/n:3BAA9000,2318,Port:10,0,Enabled,0.130463,0.0439426,-0.0120364,0.990406,-2.31968,13.7018,-138.212,0.00854994,0,1685629181,543094682
1,NDI-MF2 s/n:3BAA9000,2326,Port:10,0,Enabled,0.128999,0.0447243,-0.0132571,0.990547,-2.12343,13.6019,-138.349,0.00772261,0,1685629181,568085993
1,NDI-MF2 s/n:3BAA9000,2334,Port:10,0,Enabled,0.127834,0.0457704,-0.0155211,0.990617,-2.09322,13.5225,-138.53,0.00787161,0,1685629181,592984830
1,NDI-MF2 s/n:3BAA9000,2342,Port:10,0,Enabled,0.126819,0.0464855,-0.0164925,0.990699,-1.92753,13.2249,-138.561,0.00681818,0,1685629181,618007084
1,NDI-MF2 s/n:3BAA9000,2350,Port:10,0,Enabled,0.125862,0.0469878,-0.0160252,0.990805,-1.78766,12.7865,-138.412,0.00994571,0,1685629181,643062464
1,NDI-MF2 s/n:3BAA9000,2358,Port:10,0,Enabled,0.124711,0.0477566,-0.0178686,0.990882,-1.78036,12.6848,-138.465,0.00609689,0,1685629181,668037759
1,NDI-MF2 s/n:3BAA9000,2366,Port:10,0,Enabled,0.123121,0.0484582,-0.0202168,0.991002,-1.56861,12.7004,-138.665,0.0149001,0,1685629181,692981515
1,NDI-MF2 s/n:3BAA9000,2374,Port:10,0,Enabled,0.122044,0.0490982,-0.0210088,0.991087,-1.4238,12.4368,-138.695,0.0137951,0,1685629181,717939256
1,NDI-MF2 s/n:3BAA9000,2382,Port:10,0,Enabled,0.12106,0.0496015,-0.0213834,0.991175,-1.30471,12.1031,-138.699,0.00733979,0,1685629181,742974867
1,NDI-MF2 s/n:3BAA9000,2390,Port:10,0,Enabled,0.119831,0.050095,-0.0218322,0.991289,-1.04229,11.7651,-138.71,0.00913986,0,1685629181,767937549
1,NDI-MF2 s/n:3BAA9000,2398,Port:10,0,Enabled,0.118987,0.0510297,-0.02331,0.99131,-1.0038,11.6273,-138.84,0.00676693,0,1685629181,792917644
1,NDI-MF2 s/n:3BAA9000,2406,Port:10,0,Enabled,0.118032,0.0517677,-0.024336,0.991361,-1.07894,11.4995,-138.897,0.00581062,0,1685629181,817933452
1,NDI-MF2 s/n:3BAA9000,2414,Port:10,0,Enabled,0.116877,0.0520932,-0.0245015,0.991477,-0.913924,11.2235,-138.75,0.00916432,0,1685629181,842920895
1,NDI-MF2 s/n:3BAA9000,2422,Port:10,0,Enabled,0.115709,0.0527089,-0.0259297,0.991545,-0.727543,11.0533,-138.779,0.0089997,0,1685629181,867907070
1,NDI-MF2 s/n:3BAA9000,2430,Port:10,0,Enabled,0.114579,0.0533164,-0.0271327,0.991612,-0.637019,10.8286,-138.871,0.00680749,0,1685629181,892893643
1,NDI-MF2 s/n:3BAA9000,2438,Port:10,0,Enabled,0.113693,0.0539617,-0.0282832,0.991646,-0.668524,10.6871,-138.859,0.00673475,0,1685629181,917894583
1,NDI-MF2 s/n:3BAA9000,2446,Port:10,0,Enabled,0.11263,0.0544608,-0.029241,0.991713,-0.621048,10.5138,-138.872,0.00538018,0,1685629181,942973485
1,NDI-MF2 s/n:3BAA9000,2454,Port:10,0,Enabled,0.111133,0.0547618,-0.0304542,0.991828,-0.376748,10.2013,-138.91,0.0102071,0,1685629181,967896357
1,NDI-MF2 s/n:3BAA9000,2462,Port:10,0,Enabled,0.110322,0.0553877,-0.0316554,0.991847,-0.365669,9.98727,-139.005,0.00808279,0,1685629181,992903592
1,NDI-MF2 s/n:3BAA9000,2470,Port:10,0,Enabled,0.109589,0.0562056,-0.0323671,0.991859,-0.395758,9.84086,-139.028,0.00482662,0,1685629182,17865731
1,NDI-MF2 s/n:3BAA9000,2478,Port:10,0,Enabled,0.108501,0.0566631,-0.0331469,0.991927,-0.299098,9.64658,-138.99,0.00730662,0,1685629182,42964875
1,NDI-MF2 s/n:3BAA9000,2486,Port:10,0,Enabled,0.107429,0.0572322,-0.0342936,0.991972,-0.249264,9.45595,-138.964,0.00639721,0,1685629182,67880483
1,NDI-MF2 s/n:3BAA9000,2494,Port:10,0,Enabled,0.106211,0.0577108,-0.0360901,0.992012,-0.0725117,9.3367,-139.178,0.011258,0,1685629182,92996867
1,NDI-MF2 s/n:3BAA9000,2502,Port:10,0,Enabled,0.105238,0.0582401,-0.0374957,0.992032,0.0311427,9.24574,-139.3,0.0170372,0,1685629182,117867694
1,NDI-MF2 s/n:3BAA9000,2510,Port:10,0,Enabled,0.10424,0.0585621,-0.0384795,0.992081,0.223318,9.03714,-139.299,0.0183001,0,1685629182,142833580
1,NDI-MF2 s/n:3BAA9000,2518,Port:10,0,Enabled,0.10366,0.0589062,-0.038626,0.992116,0.30024,8.69663,-139.182,0.00872824,0,1685629182,167840996
1,NDI-MF2 s/n:3BAA9000,2526,Port:10,0,Enabled,0.102918,0.0594437,-0.0397502,0.992116,0.353153,8.52727,-139.209,0.00890586,0,1685629182,192832134
1,NDI-MF2 s/n:3BAA9000,2534,Port:10,0,Enabled,0.102063,0.059879,-0.0404556,0.99215,0.317557,8.39141,-139.217,0.00804157,0,1685629182,217826795
1,NDI-MF2 s/n:3BAA9000,2542,Port:10,0,Enabled,0.1012,0.0602715,-0.0407257,0.992204,0.357418,8.18323,-139.105,0.00927539,0,1685629182,242859192
1,NDI-MF2 s/n:3BAA9000,2550,Port:10,0,Enabled,0.100418,0.0606311,-0.0417219,0.99222,0.409203,7.99351,-139.139,0.0095001,0,1685629182,267847384
1,NDI-MF2 s/n:3BAA9000,2558,Port:10,0,Enabled,0.0994111,0.0610681,-0.0430081,0.992239,0.492283,7.79434,-139.227,0.00766596,0,1685629182,292893480
1,NDI-MF2 s/n:3BAA9000,2566,Port:10,0,Enabled,0.0988481,0.0616302,-0.0437074,0.992231,0.47947,7.63125,-139.273,0.00806892,0,1685629182,317795500
1,NDI-MF2 s/n:3BAA9000,2574,Port:10,0,Enabled,0.0980641,0.0621212,-0.0446563,0.992235,0.575977,7.46224,-139.318,0.00982375,0,1685629182,342839273
1,NDI-MF2 s/n:3BAA9000,2582,Port:10,0,Enabled,0.0971627,0.062459,-0.0454351,0.992267,0.702368,7.21728,-139.298,0.0144646,0,1685629182,367832105
1,NDI-MF2 s/n:3BAA9000,2590,Port:10,0,Enabled,0.0962617,0.0628289,-0.0467919,0.992269,0.798157,7.06697,-139.371,0.0103764,0,1685629182,392798133
1,NDI-MF2 s/n:3BAA9000,2598,Port:10,0,Enabled,0.0952641,0.0632424,-0.048062,0.992278,0.860463,6.93844,-139.441,0.0103758,0,1685629182,416843223
1,NDI-MF2 s/n:3BAA9000,2606,Port:10,0,Enabled,0.0947218,0.0636188,-0.0485162,0.992284,0.876268,6.75624,-139.38,0.00900149,0,1685629182,442790846
1,NDI-MF2 s/n:3BAA9000,2614,Port:10,0,Enabled,0.0940237,0.0638908,-0.0494911,0.992284,0.942773,6.57093,-139.368,0.00956552,0,1685629182,466840713
1,NDI-MF2 s/n:3BAA9000,2622,Port:10,0,Enabled,0.0931407,0.0640981,-0.0506563,0.992296,0.992055,6.37706,-139.376,0.00999646,0,1685629182,491821582
1,NDI-MF2 s/n:3BAA9000,2630,Port:10,0,Enabled,0.0919442,0.0643649,-0.0523841,0.9923,1.07685,6.2569,-139.488,0.0104417,0,1685629182,516851945
1,NDI-MF2 s/n:3BAA9000,2638,Port:10,0,Enabled,0.0910515,0.0645381,-0.0534207,0.992316,1.20146,6.08797,-139.516,0.0154148,0,1685629182,541819446
1,NDI-MF2 s/n:3BAA9000,2646,Port:10,0,Enabled,0.0907198,0.0648443,-0.0534364,0.992326,1.23642,5.74359,-139.443,0.0108179,0,1685629182,566858348
1,NDI-MF2 s/n:3BAA9000,2654,Port:10,0,Enabled,0.0904449,0.0653257,-0.0540181,0.992288,1.24744,5.5477,-139.533,0.0102663,0,1685629182,591833224
1,NDI-MF2 s/n:3BAA9000,2662,Port:10,0,Enabled,0.089807,0.065747,-0.0550054,0.992263,1.30544,5.42617,-139.661,0.00897301,0,1685629182,616816064
1,NDI-MF2 s/n:3BAA9000,2670,Port:10,0,Enabled,0.0895758,0.065958,-0.0554901,0.992243,1.32479,5.2366,-139.63,0.0138873,0,1685629182,641822161
1,NDI-MF2 s/n:3BAA9000,2678,Port:10,0,Enabled,0.0888385,0.0661182,-0.0565122,0.992241,1.4487,5.11157,-139.648,0.0126076,0,1685629182,666816329
1,NDI-MF2 s/n:3BAA9000,2686,Port:10,0,Enabled,0.0880098,0.0661072,-0.0576349,0.992251,1.49887,4.95406,-139.625,0.0106715,0,1685629182,691801037
1,NDI-MF2 s/n:3BAA9000,2694,Port:10,0,Enabled,0.087511,0.0662409,-0.0583233,0.992246,1.48097,4.81737,-139.638,0.0111777,0,1685629182,716801166
1,NDI-MF2 s/n:3BAA9000,2702,Port:10,0,Enabled,0.0872517,0.0664072,-0.0589088,0.992223,1.47192,4.62215,-139.643,0.0121838,0,1685629182,741789007
1,NDI-MF2 s/n:3BAA9000,2710,Port:10,0,Enabled,0.0870098,0.0666301,-0.0595715,0.99219,1.4221,4.40719,-139.585,0.0167025,0,1685629182,766786754
1,NDI-MF2 s/n:3BAA9000,2718,Port:10,0,Enabled,0.0861321,0.0667991,-0.0610704,0.992164,1.47519,4.32559,-139.717,0.0133628,0,1685629182,791776619
1,NDI-MF2 s/n:3BAA9000,2726,Port:10,0,Enabled,0.0852111,0.06694,-0.0623444,0.992155,1.46166,4.19491,-139.808,0.0108904,0,1685629182,816785677
1,NDI-MF2 s/n:3BAA9000,2734,Port:10,0,Enabled,0.084839,0.0671079,-0.062555,0.992162,1.41283,3.97396,-139.703,0.0124868,0,1685629182,841788643
1,NDI-MF2 s/n:3BAA9000,2742,Port:10,0,Enabled,0.0844307,0.0672739,-0.0632028,0.992145,1.4217,3.76502,-139.652,0.0173299,0,1685629182,866789194
1,NDI-MF2 s/n:3BAA9000,2750,Port:10,0,Enabled,0.083819,0.0675208,-0.0643768,0.992104,1.50967,3.64436,-139.751,0.0150348,0,1685629182,891726696
1,NDI-MF2 s/n:3BAA9000,2758,Port:10,0,Enabled,0.0831604,0.0678916,-0.0653409,0.992072,1.57101,3.55475,-139.891,0.0105229,0,1685629182,916798792
1,NDI-MF2 s/n:3BAA9000,2766,Port:10,0,Enabled,0.0829136,0.0680283,-0.0660455,0.992036,1.57467,3.44465,-139.903,0.010709,0,1685629182,941733396
1,NDI-MF2 s/n:3BAA9000,2774,Port:10,0,Enabled,0.0828114,0.0679321,-0.0664079,0.992027,1.54002,3.26683,-139.776,0.0157647,0,1685629182,966755181
1,NDI-MF2 s/n:3BAA9000,2782,Port:10,0,Enabled,0.0820694,0.0677579,-0.0677234,0.992012,1.58604,3.11287,-139.783,0.0154954,0,1685629182,991748701
1,NDI-MF2 s/n:3BAA9000,2790,Port:10,0,Enabled,0.0813931,0.0677802,-0.0686987,0.991999,1.60372,2.93253,-139.821,0.013806,0,1685629183,16754767
1,NDI-MF2 s/n:3BAA9000,2798,Port:10,0,Enabled,0.0813935,0.0680319,-0.0688306,0.991972,1.50248,2.77,-139.788,0.0118782,0,1685629183,41701227
1,NDI-MF2 s/n:3BAA9000,2806,Port:10,0,Enabled,0.0811877,0.0681216,-0.0693687,0.991946,1.42737,2.65812,-139.728,0.0173655,0,1685629183,66719436
1,NDI-MF2 s/n:3BAA9000,2814,Port:10,0,Enabled,0.0804603,0.0681597,-0.0706015,0.991915,1.44188,2.48841,-139.703,0.0139397,0,1685629183,91700697
1,NDI-MF2 s/n:3BAA9000,2822,Port:10,0,Enabled,0.0797433,0.0682303,-0.0716926,0.99189,1.49336,2.32314,-139.752,0.0105692,0,1685629183,116767782
1,NDI-MF2 s/n:3BAA9000,2830,Port:10,0,Enabled,0.0794967,0.0682985,-0.072577,0.991841,1.49475,2.19128,-139.755,0.0106744,0,1685629183,141731091
1,NDI-MF2 s/n:3BAA9000,2838,Port:10,0,Enabled,0.07953,0.0683847,-0.0728129,0.991815,1.43042,2.07707,-139.692,0.0145503,0,1685629183,166867195
1,NDI-MF2 s/n:3BAA9000,2846,Port:10,0,Enabled,0.0788282,0.0684155,-0.074103,0.991773,1.48816,2.04679,-139.806,0.0130405,0,1685629183,191715021
1,NDI-MF2 s/n:3BAA9000,2854,Port:10,0,Enabled,0.0782676,0.068321,-0.0751474,0.991745,1.50627,1.87929,-139.848,0.0125438,0,1685629183,216723579
1,NDI-MF2 s/n:3BAA9000,2862,Port:10,0,Enabled,0.0782252,0.0683978,-0.0756036,0.991709,1.497,1.70718,-139.859,0.0116512,0,1685629183,241651542
1,NDI-MF2 s/n:3BAA9000,2870,Port:10,0,Enabled,0.0780681,0.0683694,-0.0761867,0.991679,1.49423,1.56828,-139.839,0.0134725,0,1685629183,266695186
1,NDI-MF2 s/n:3BAA9000,2878,Port:10,0,Enabled,0.0777232,0.0683039,-0.0768065,0.991663,1.47704,1.38822,-139.832,0.0130356,0,1685629183,291646493
1,NDI-MF2 s/n:3BAA9000,2886,Port:10,0,Enabled,0.0773712,0.0684005,-0.0777094,0.991613,1.47023,1.26475,-140.002,0.00980763,0,1685629183,316655855
1,NDI-MF2 s/n:3BAA9000,2894,Port:10,0,Enabled,0.077715,0.0683013,-0.0784534,0.991535,1.38254,1.13523,-139.993,0.00920743,0,1685629183,341706300
1,NDI-MF2 s/n:3BAA9000,2902,Port:10,0,Enabled,0.0779549,0.0680782,-0.0788522,0.9915,1.28263,1.07765,-139.901,0.0161,0,1685629183,366636639
1,NDI-MF2 s/n:3BAA9000,2910,Port:10,0,Enabled,0.0769377,0.0678022,-0.0801768,0.991492,1.32192,1.06207,-139.958,0.0127383,0,1685629183,391696506
1,NDI-MF2 s/n:3BAA9000,2918,Port:10,0,Enabled,0.0773797,0.0670711,-0.0791855,0.991587,1.38294,1.19283,-139.893,0.0251568,0,1685629183,416671896
1,NDI-MF2 s/n:3BAA9000,2926,Port:10,0,Enabled,0.0777763,0.0672637,-0.0795899,0.99151,1.30955,1.07859,-139.909,0.0279347,0,1685629183,441660585
1,NDI-MF2 s/n:3BAA9000,2934,Port:10,0,Enabled,0.0775787,0.0671044,-0.0803569,0.991475,1.26774,0.975629,-139.906,0.0240531,0,1685629183,466662268
1,NDI-MF2 s/n:3BAA9000,2942,Port:10,0,Enabled,0.0770406,0.0667545,-0.0812823,0.991465,1.25932,0.844584,-139.91,0.020963,0,1685629183,491588418
1,NDI-MF2 s/n:3BAA9000,2950,Port:10,0,Enabled,0.0767205,0.066658,-0.0819354,0.991443,1.25012,0.701802,-139.951,0.0262689,0,1685629183,516632120
1,NDI-MF2 s/n:3BAA9000,2958,Port:10,0,Enabled,0.0771926,0.066641,-0.0827941,0.991335,1.17508,0.618035,-139.976,0.0297185,0,1685629183,541592656
1,NDI-MF2 s/n:3BAA9000,2966,Port:10,0,Enabled,0.0775825,0.0665129,-0.0835134,0.991253,1.09708,0.543931,-139.963,0.0263726,0,1685629183,566612565
1,NDI-MF2 s/n:3BAA9000,2974,Port:10,0,Enabled,0.0769628,0.0661148,-0.0843183,0.99126,1.09743,0.432117,-139.975,0.0233533,0,1685629183,591605667
1,NDI-MF2 s/n:3BAA9000,2982,Port:10,0,Enabled,0.07662,0.0659132,-0.0850423,0.991238,1.08367,0.310598,-140.007,0.0272848,0,1685629183,616575985
1,NDI-MF2 s/n:3BAA9000,2990,Port:10,0,Enabled,0.0771152,0.0660153,-0.0854784,0.991156,1.00591,0.199461,-140.036,0.0299544,0,1685629183,641592632
1,NDI-MF2 s/n:3BAA9000,2998,Port:10,0,Enabled,0.0772137,0.065713,-0.0864182,0.991086,0.951188,0.116713,-140.029,0.0255672,0,1685629183,666565262
1,NDI-MF2 s/n:3BAA9000,3006,Port:10,0,Enabled,0.0769002,0.0653936,-0.0871547,0.991067,0.92192,0.00935364,-140.016,0.0245202,0,1685629183,691564618
1,NDI-MF2 s/n:3BAA9000,3014,Port:10,0,Enabled,0.0767388,0.0652783,-0.087721,0.991037,0.885816,-0.133645,-140.056,0.0316213,0,1685629183,716540848
1,NDI-MF2 s/n:3BAA9000,3022,Port:10,0,Enabled,0.0773499,0.0651259,-0.0887041,0.990913,0.794322,-0.220448,-140.082,0.034048,0,1685629183,741602655
1,NDI-MF2 s/n:3BAA9000,3030,Port:10,0,Enabled,0.077721,0.0648033,-0.0896112,0.990823,0.697902,-0.300119,-140.067,0.0303421,0,1685629183,766538329
1,NDI-MF2 s/n:3BAA9000,3038,Port:10,0,Enabled,0.0771674,0.0642304,-0.090491,0.990824,0.664632,-0.419258,-140.052,0.0274795,0,1685629183,791542261
1,NDI-MF2 s/n:3BAA9000,3046,Port:10,0,Enabled,0.0769097,0.063982,-0.0910588,0.990808,0.609495,-0.542327,-140.041,0.0320023,0,1685629183,816557082
1,NDI-MF2 s/n:3BAA9000,3054,Port:10,0,Enabled,0.0771099,0.0638632,-0.0914063,0.990768,0.172977,-0.937459,-140.098,0.0149959,0,1685629183,841522124
1,NDI-MF2 s/n:3BAA9000,3062,Port:10,0,Enabled,0.0778518,0.0637683,-0.0921656,0.990645,-0.0193038,-0.866357,-140.109,0.00769726,0,1685629183,866536620
1,NDI-MF2 s/n:3BAA9000,3070,Port:10,0,Enabled,0.0779206,0.0632774,-0.0926482,0.990627,-0.124601,-0.950914,-139.997,0.0126441,0,1685629183,891541702
1,NDI-MF2 s/n:3BAA9000,3078,Port:10,0,Enabled,0.0775266,0.0630132,-0.0932191,0.990621,-0.140096,-1.11694,-140.021,0.0115094,0,1685629183,916557852
1,NDI-MF2 s/n:3BAA9000,3086,Port:10,0,Enabled,0.0781214,0.0627847,-0.0937705,0.990537,-0.244062,-1.23345,-140.031,0.0102915,0,1685629183,941533466
1,NDI-MF2 s/n:3BAA9000,3094,Port:10,0,Enabled,0.0787368,0.0624019,-0.0944651,0.990446,-0.38885,-1.30489,-139.978,0.0111341,0,1685629183,966502035
1,NDI-MF2 s/n:3BAA9000,3102,Port:10,0,Enabled,0.0781722,0.0617721,-0.0950699,0.990472,-0.40502,-1.39156,-139.912,0.0162592,0,1685629183,991539213
1,NDI-MF2 s/n:3BAA9000,3110,Port:10,0,Enabled,0.0780814,0.0617179,-0.0958593,0.990407,-0.230199,-1.2349,-139.957,0.0361706,0,1685629184,16478927
1,NDI-MF2 s/n:3BAA9000,3118,Port:10,0,Enabled,0.0788002,0.0615627,-0.0964834,0.990299,-0.389787,-1.30718,-139.981,0.0404157,0,1685629184,41522156
1,NDI-MF2 s/n:3BAA9000,3126,Port:10,0,Enabled,0.0793845,0.0610367,-0.0967183,0.990262,-0.93372,-1.60415,-139.947,0.00829128,0,1685629184,66547925
1,NDI-MF2 s/n:3BAA9000,3134,Port:10,0,Enabled,0.0793069,0.0604344,-0.0965198,0.990324,-1.03718,-1.71924,-139.795,0.0177702,0,1685629184,91477345
1,NDI-MF2 s/n:3BAA9000,3142,Port:10,0,Enabled,0.0788102,0.0601426,-0.0972159,0.990314,-1.03153,-1.82058,-139.934,0.0145265,0,1685629184,115556803
1,NDI-MF2 s/n:3BAA9000,3150,Port:10,0,Enabled,0.0798568,0.0598712,-0.0982859,0.990141,-1.19289,-1.89537,-139.99,0.0132626,0,1685629184,140506089
1,NDI-MF2 s/n:3BAA9000,3158,Port:10,0,Enabled,0.0812646,0.0593932,-0.0985537,0.990028,-1.4299,-1.94921,-139.923,0.00828173,0,1685629184,165519363
1,NDI-MF2 s/n:3BAA9000,3166,Port:10,0,Enabled,0.0809052,0.058638,-0.0988403,0.990074,-1.44671,-2.00906,-139.859,0.0150213,0,1685629184,190585422
1,NDI-MF2 s/n:3BAA9000,3174,Port:10,0,Enabled,0.080725,0.0582199,-0.099331,0.990064,-1.5048,-2.07776,-139.914,0.0151529,0,1685629184,215529102
1,NDI-MF2 s/n:3BAA9000,3182,Port:10,0,Enabled,0.0816167,0.0581007,-0.0998023,0.989951,-1.67862,-2.14447,-140.049,0.012554,0,1685629184,240514122
1,NDI-MF2 s/n:3BAA9000,3190,Port:10,0,Enabled,0.082634,0.0575939,-0.100216,0.989854,-1.90035,-2.24988,-139.932,0.00669512,0,1685629184,265529784
1,NDI-MF2 s/n:3BAA9000,3198,Port:10,0,Enabled,0.0831378,0.0568887,-0.0998886,0.989886,-2.09533,-2.41234,-139.757,0.0159578,0,1685629184,290604815
1,NDI-MF2 s/n:3BAA9000,3206,Port:10,0,Enabled,0.0827864,0.0564737,-0.100405,0.989887,-2.14348,-2.51014,-139.864,0.0106967,0,1685629184,315578956
1,NDI-MF2 s/n:3BAA9000,3214,Port:10,0,Enabled,0.0837107,0.0560329,-0.101256,0.989748,-2.29718,-2.56042,-139.941,0.00927391,0,1685629184,340484043
1,NDI-MF2 s/n:3BAA9000,3222,Port:10,0,Enabled,0.0851381,0.0555492,-0.101714,0.989606,-2.52198,-2.53746,-139.946,0.00340042,0,1685629184,365669212
1,NDI-MF2 s/n:3BAA9000,3230,Port:10,0,Enabled,0.0849026,0.0547306,-0.101918,0.989651,-2.52514,-2.57451,-139.872,0.0113433,0,1685629184,390478566
1,NDI-MF2 s/n:3BAA9000,3238,Port:10,0,Enabled,0.0850175,0.0541747,-0.102115,0.989652,-2.65176,-2.68542,-139.893,0.0139447,0,1685629184,415473111
1,NDI-MF2 s/n:3BAA9000,3246,Port:10,0,Enabled,0.0861428,0.05401,-0.102765,0.989496,-2.91639,-2.71208,-140.001,0.0128684,0,1685629184,440532690
1,NDI-MF2 s/n:3BAA9000,3254,Port:10,0,Enabled,0.0873176,0.0532896,-0.102983,0.989409,-3.13154,-2.70524,-139.866,0.00385297,0,1685629184,465459133
1,NDI-MF2 s/n:3BAA9000,3262,Port:10,0,Enabled,0.0878039,0.0524094,-0.102588,0.989454,-3.32343,-2.80617,-139.637,0.0177525,0,1685629184,490510038
1,NDI-MF2 s/n:3BAA9000,3270,Port:10,0,Enabled,0.0870956,0.051968,-0.103148,0.989482,-3.36285,-2.87648,-139.789,0.0117637,0,1685629184,515458449
1,NDI-MF2 s/n:3BAA9000,3278,Port:10,0,Enabled,0.0880883,0.0514547,-0.103973,0.989335,-3.56519,-2.89552,-139.867,0.0145716,0,1685629184,540425341
1,NDI-MF2 s/n:3BAA9000,3286,Port:10,0,Enabled,0.0899823,0.0508336,-0.104604,0.98913,-3.8528,-2.89711,-139.826,0.00502476,0,1685629184,565506675
1,NDI-MF2 s/n:3BAA9000,3294,Port:10,0,Enabled,0.0900918,0.0497545,-0.104376,0.989199,-3.95045,-2.93131,-139.672,0.0144483,0,1685629184,590533545
1,NDI-MF2 s/n:3BAA9000,3302,Port:10,0,Enabled,0.0898337,0.0492911,-0.104804,0.9892,-4.068,-2.94028,-139.729,0.0131082,0,1685629184,615478129
1,NDI-MF2 s/n:3BAA9000,3310,Port:10,0,Enabled,0.0906299,0.0491317,-0.105626,0.989048,-4.2062,-2.95197,-139.947,0.01834,0,1685629184,640481806
1,NDI-MF2 s/n:3BAA9000,3318,Port:10,0,Enabled,0.0922993,0.0484282,-0.105778,0.988912,-4.47352,-3.01097,-139.762,0.00703793,0,1685629184,665468099
1,NDI-MF2 s/n:3BAA9000,3326,Port:10,0,Enabled,0.0934086,0.0473709,-0.105308,0.988909,-4.77585,-3.12242,-139.503,0.016625,0,1685629184,690498090
1,NDI-MF2 s/n:3BAA9000,3334,Port:10,0,Enabled,0.0923873,0.0467933,-0.106024,0.988956,-4.74348,-3.17315,-139.664,0.0119633,0,1685629184,715399598
1,NDI-MF2 s/n:3BAA9000,3342,Port:10,0,Enabled,0.0934917,0.0461501,-0.106553,0.988826,-4.98239,-3.18052,-139.725,0.0151088,0,1685629184,740400660
1,NDI-MF2 s/n:3BAA9000,3350,Port:10,0,Enabled,0.0956532,0.045547,-0.10705,0.988593,-5.29255,-3.17475,-139.654,0.00717101,0,1685629184,765399109
1,NDI-MF2 s/n:3BAA9000,3358,Port:10,0,Enabled,0.0959344,0.0443935,-0.106595,0.988667,-5.40163,-3.25542,-139.471,0.0121337,0,1685629184,790396843
1,NDI-MF2 s/n:3BAA9000,3366,Port:10,0,Enabled,0.0957881,0.0436141,-0.106604,0.988716,-5.53298,-3.33841,-139.503,0.0167706,0,1685629184,815387291
1,NDI-MF2 s/n:3BAA9000,3374,Port:10,0,Enabled,0.0967081,0.0437292,-0.107737,0.988498,-5.76117,-3.29391,-139.774,0.0208411,0,1685629184,840353639
1,NDI-MF2 s/n:3BAA9000,3382,Port:10,0,Enabled,0.0987121,0.0429242,-0.108106,0.988295,-6.08402,-3.25143,-139.586,0.0104394,0,1685629184,865425193
1,NDI-MF2 s/n:3BAA9000,3390,Port:10,0,Enabled,0.0998859,0.0416543,-0.107523,0.988295,-6.3742,-3.27785,-139.303,0.0134614,0,1685629184,890413190
1,NDI-MF2 s/n:3BAA9000,3398,Port:10,0,Enabled,0.0986746,0.0407896,-0.107805,0.988422,-6.36648,-3.30596,-139.425,0.0133206,0,1685629184,915387094
1,NDI-MF2 s/n:3BAA9000,3406,Port:10,0,Enabled,0.0998067,0.0401544,-0.108485,0.98826,-6.68447,-3.33997,-139.515,0.0162738,0,1685629184,940345826
1,NDI-MF2 s/n:3BAA9000,3414,Port:10,0,Enabled,0.102059,0.0396369,-0.109563,0.987931,-7.01337,-3.29036,-139.606,0.0166586,0,1685629184,965342535
1,NDI-MF2 s/n:3BAA9000,3422,Port:10,0,Enabled,0.102434,0.0382554,-0.109289,0.987978,-7.08371,-3.32256,-139.393,0.00830186,0,1685629184,990377546
1,NDI-MF2 s/n:3BAA9000,3430,Port:10,0,Enabled,0.102643,0.0373713,-0.108676,0.988058,-7.24688,-3.47179,-139.318,0.0160769,0,1685629185,15374869
1,NDI-MF2 s/n:3BAA9000,3438,Port:10,0,Enabled,0.103393,0.0374012,-0.109783,0.987856,-7.39828,-3.50378,-139.609,0.0218206,0,1685629185,40348722
1,NDI-MF2 s/n:3BAA9000,3446,Port:10,0,Enabled,0.105834,0.0366392,-0.110082,0.987592,-7.76864,-3.51418,-139.394,0.0135291,0,1685629185,65371758
1,NDI-MF2 s/n:3BAA9000,3454,Port:10,0,Enabled,0.107385,0.0350815,-0.109286,0.98757,-8.03333,-3.62068,-139.092,0.0117884,0,1685629185,90362938
1,NDI-MF2 s/n:3BAA9000,3462,Port:10,0,Enabled,0.106579,0.0340895,-0.108914,0.987733,-8.07419,-3.66902,-139.15,0.014172,0,1685629185,115367921
1,NDI-MF2 s/n:3BAA9000,3470,Port:10,0,Enabled,0.107805,0.0334129,-0.109861,0.987518,-8.22114,-3.5921,-139.333,0.020538,0,1685629185,140372732
1,NDI-MF2 s/n:3BAA9000,3478,Port:10,0,Enabled,0.110772,0.0327551,-0.110591,0.98713,-8.61786,-3.51405,-139.347,0.0171243,0,1685629185,165454898
1,NDI-MF2 s/n:3BAA9000,3486,Port:10,0,Enabled,0.111511,0.0311427,-0.110148,0.987149,-8.84187,-3.63151,-139.054,0.00792353,0,1685629185,190370366
1,NDI-MF2 s/n:3BAA9000,3494,Port:10,0,Enabled,0.111109,0.0294854,-0.109357,0.987333,-8.94885,-3.72238,-138.892,0.028743,0,1685629185,215371213
1,NDI-MF2 s/n:3BAA9000,3502,Port:10,0,Enabled,0.110994,0.0293928,-0.109052,0.987382,-9.2295,-3.74407,-139.021,0.0229571,0,1685629185,240383973
1,NDI-MF2 s/n:3BAA9000,3510,Port:10,0,Enabled,0.113575,0.029149,-0.10998,0.986993,-9.62837,-3.68984,-139.046,0.0155444,0,1685629185,265362201
1,NDI-MF2 s/n:3BAA9000,3518,Port:10,0,Enabled,0.116526,0.0276848,-0.108433,0.986862,-9.93796,-4.06644,-138.796,0.0233695,0,1685629185,290363893
1,NDI-MF2 s/n:3BAA9000,3526,Port:10,0,Enabled,0.115495,0.0272519,-0.110133,0.986808,-10.0718,-3.7909,-139.689,0.018493,0,1685629185,315344598
1,NDI-MF2 s/n:3BAA9000,3534,Port:10,0,Enabled,0.115312,0.0266048,-0.114291,0.986374,-10.0584,-3.647,-140.039,0.0349104,0,1685629185,340321870
1,NDI-MF2 s/n:3BAA9000,3542,Port:10,0,Enabled,0.118884,0.0255977,-0.11233,0.986201,-10.6562,-3.74283,-139.608,0.0206597,0,1685629185,365386011
1,NDI-MF2 s/n:3BAA9000,3550,Port:10,0,Enabled,0.120571,0.0242886,-0.112039,0.986063,-10.9566,-3.62286,-139.592,0.00475349,0,1685629185,390249563
1,NDI-MF2 s/n:3BAA9000,3558,Port:10,0,Enabled,0.120071,0.0228308,-0.112519,0.986104,-11.0964,-3.59718,-139.783,0.00818653,0,1685629185,415267004
1,NDI-MF2 s/n:3BAA9000,3566,Port:10,0,Enabled,0.119556,0.0224768,-0.112336,0.986196,-11.1359,-3.69502,-140.212,0.0181769,0,1685629185,440219114
1,NDI-MF2 s/n:3BAA9000,3574,Port:10,0,Enabled,0.12224,0.0220087,-0.112891,0.985814,-11.5337,-3.6852,-140.312,0.0181281,0,1685629185,465279685
1,NDI-MF2 s/n:3BAA9000,3582,Port:10,0,Enabled,0.124604,0.0207821,-0.11366,0.985456,-11.8629,-3.62597,-140.252,0.0153715,0,1685629185,490234684
1,NDI-MF2 s/n:3BAA9000,3590,Port:10,0,Enabled,0.124243,0.0191513,-0.113127,0.985596,-12.0634,-3.64075,-140.353,0.00944367,0,1685629185,515225196
1,NDI-MF2 s/n:3BAA9000,3598,Port:10,0,Enabled,0.124341,0.0184109,-0.113555,0.985548,-12.2372,-3.58076,-140.755,0.0159293,0,1685629185,540230804
1,NDI-MF2 s/n:3BAA9000,3606,Port:10,0,Enabled,0.126368,0.0182069,-0.114251,0.985214,-12.5428,-3.56118,-141.004,0.0230562,0,1685629185,565209689
1,NDI-MF2 s/n:3BAA9000,3614,Port:10,0,Enabled,0.12848,0.0168698,-0.114399,0.984947,-12.8675,-3.6051,-140.921,0.0111306,0,1685629185,590305325
1,NDI-MF2 s/n:3BAA9000,3622,Port:10,0,Enabled,0.128946,0.0157382,-0.113995,0.984952,-13.0406,-3.58106,-141.008,0.00701606,0,1685629185,615194255
1,NDI-MF2 s/n:3BAA9000,3630,Port:10,0,Enabled,0.129067,0.01523,-0.113847,0.984962,-13.2316,-3.52183,-141.348,0.0140132,0,1685629185,640198957
1,NDI-MF2 s/n:3BAA9000,3638,Port:10,0,Enabled,0.131091,0.0143737,-0.114499,0.984631,-13.5544,-3.45632,-141.463,0.0142044,0,1685629185,664244873
1,NDI-MF2 s/n:3BAA9000,3646,Port:10,0,Enabled,0.13327,0.013034,-0.115078,0.98429,-13.8495,-3.44488,-141.44,0.0106909,0,1685629185,689239653
1,NDI-MF2 s/n:3BAA9000,3654,Port:10,0,Enabled,0.132717,0.01164,-0.114684,0.984428,-13.8935,-3.4553,-141.683,0.00974232,0,1685629185,714261154
1,NDI-MF2 s/n:3BAA9000,3662,Port:10,0,Enabled,0.132992,0.0110797,-0.115469,0.984306,-14.0204,-3.37329,-142.116,0.0160254,0,1685629185,739276101
1,NDI-MF2 s/n:3BAA9000,3670,Port:10,0,Enabled,0.135326,0.0108399,-0.116375,0.983883,-14.3783,-3.30596,-142.315,0.0248237,0,1685629185,764208345
1,NDI-MF2 s/n:3BAA9000,3678,Port:10,0,Enabled,0.137416,0.00932092,-0.116531,0.983591,-14.7264,-3.20869,-142.214,0.0119345,0,1685629185,789261834
1,NDI-MF2 s/n:3BAA9000,3686,Port:10,0,Enabled,0.137856,0.00780117,-0.116083,0.983595,-14.9404,-3.16873,-142.247,0.00756629,0,1685629185,814390076
1,NDI-MF2 s/n:3BAA9000,3694,Port:10,0,Enabled,0.137579,0.00736326,-0.115749,0.983677,-15.0364,-3.16261,-142.67,0.0164914,0,1685629185,839207718
1,NDI-MF2 s/n:3BAA9000,3702,Port:10,0,Enabled,0.139962,0.0067298,-0.116729,0.983229,-15.3177,-3.07301,-142.842,0.0193243,0,1685629185,864185065
1,NDI-MF2 s/n:3BAA9000,3710,Port:10,0,Enabled,0.142445,0.00530296,-0.117462,0.982794,-15.6163,-3.07437,-142.754,0.0137854,0,1685629185,889185687
1,NDI-MF2 s/n:3BAA9000,3718,Port:10,0,Enabled,0.142298,0.00371817,-0.116484,0.982939,-15.7622,-3.18252,-142.884,0.010131,0,1685629185,914219786
1,NDI-MF2 s/n:3BAA9000,3726,Port:10,0,Enabled,0.142687,0.00301892,-0.116826,0.982844,-15.9607,-3.08485,-143.294,0.0128282,0,1685629185,939248931
1,NDI-MF2 s/n:3BAA9000,3734,Port:10,0,Enabled,0.144759,0.00289161,-0.117614,0.982448,-16.1807,-2.90193,-143.575,0.0227308,0,1685629185,964206209
1,NDI-MF2 s/n:3BAA9000,3742,Port:10,0,Enabled,0.147065,0.0014104,-0.117609,0.982109,-16.4686,-2.8451,-143.488,0.0114623,0,1685629185,989183160
1,NDI-MF2 s/n:3BAA9000,3750,Port:10,0,Enabled,0.147518,-0.000108372,-0.117705,0.982031,-16.6383,-2.83173,-143.619,0.00708235,0,1685629186,14278173
1,NDI-MF2 s/n:3BAA9000,3758,Port:10,0,Enabled,0.147407,-0.000498045,-0.117092,0.98212,-16.789,-2.79769,-143.998,0.0148905,0,1685629186,39146495
1,NDI-MF2 s/n:3BAA9000,3766,Port:10,0,Enabled,0.149881,-0.00105246,-0.117839,0.981656,-17.1279,-2.65225,-144.141,0.0192685,0,1685629186,64175175
1,NDI-MF2 s/n:3BAA9000,3774,Port:10,0,Enabled,0.152525,-0.0025162,-0.118678,0.981145,-17.4099,-2.56128,-144.082,0.0184034,0,1685629186,89151955
1,NDI-MF2 s/n:3BAA9000,3782,Port:10,0,Enabled,0.15245,-0.00430614,-0.117863,0.981249,-17.4599,-2.53109,-144.261,0.00762843,0,1685629186,114145955
1,NDI-MF2 s/n:3BAA9000,3790,Port:10,0,Enabled,0.1527,-0.00520035,-0.118219,0.981163,-17.5817,-2.45501,-144.637,0.0130355,0,1685629186,139209722
1,NDI-MF2 s/n:3BAA9000,3798,Port:10,0,Enabled,0.154864,-0.00536206,-0.118842,0.980747,-17.9207,-2.34784,-144.827,0.0207517,0,1685629186,164198110
1,NDI-MF2 s/n:3BAA9000,3806,Port:10,0,Enabled,0.157077,-0.00687044,-0.118727,0.9804,-18.2239,-2.28892,-144.737,0.0123677,0,1685629186,189148551
1,NDI-MF2 s/n:3BAA9000,3814,Port:10,0,Enabled,0.157926,-0.0084068,-0.118274,0.980306,-18.4176,-2.26115,-144.79,0.00925846,0,1685629186,214133236
1,NDI-MF2 s/n:3BAA9000,3822,Port:10,0,Enabled,0.157946,-0.00898456,-0.117994,0.980331,-18.5268,-2.22352,-145.212,0.0150085,0,1685629186,239206756
1,NDI-MF2 s/n:3BAA9000,3830,Port:10,0,Enabled,0.159478,-0.00876693,-0.118114,0.980071,-18.893,-2.05115,-145.474,0.0236615,0,1685629186,264173819
1,NDI-MF2 s/n:3BAA9000,3838,Port:10,0,Enabled,0.162299,-0.00987189,-0.119515,0.979427,-19.2689,-1.84689,-145.517,0.0286949,0,1685629186,289189469
1,NDI-MF2 s/n:3BAA9000,3846,Port:10,0,Enabled,0.163344,-0.0117087,-0.119703,0.97921,-19.4573,-1.75254,-145.57,0.0174769,0,1685629186,314257686
1,NDI-MF2 s/n:3BAA9000,3854,Port:10,0,Enabled,0.164017,-0.013238,-0.119951,0.979048,-19.6118,-1.73184,-145.742,0.0115891,0,1685629186,339128244
1,NDI-MF2 s/n:3BAA9000,3862,Port:10,0,Enabled,0.165735,-0.01394,-0.120336,0.978702,-19.7807,-1.666,-145.87,0.0197023,0,1685629186,364091559
1,NDI-MF2 s/n:3BAA9000,3870,Port:10,0,Enabled,0.167341,-0.0155146,-0.119642,0.97849,-20.0392,-1.65645,-145.788,0.0112804,0,1685629186,389145372
1,NDI-MF2 s/n:3BAA9000,3878,Port:10,0,Enabled,0.167939,-0.0168747,-0.119119,0.978429,-20.2795,-1.65479,-145.858,0.00930136,0,1685629186,414082476
1,NDI-MF2 s/n:3BAA9000,3886,Port:10,0,Enabled,0.168254,-0.0171618,-0.118751,0.978414,-20.4248,-1.56045,-146.249,0.0157746,0,1685629186,439127015
1,NDI-MF2 s/n:3BAA9000,3894,Port:10,0,Enabled,0.170741,-0.017759,-0.119459,0.977887,-20.673,-1.38966,-146.33,0.020525,0,1685629186,464091169
1,NDI-MF2 s/n:3BAA9000,3902,Port:10,0,Enabled,0.173204,-0.019272,-0.12013,0.977342,-20.9481,-1.30669,-146.238,0.0205894,0,1685629186,489072098
1,NDI-MF2 s/n:3BAA9000,3910,Port:10,0,Enabled,0.1732,-0.0211261,-0.119126,0.977428,-21.1287,-1.26769,-146.399,0.00874309,0,1685629186,514065230
1,NDI-MF2 s/n:3BAA9000,3918,Port:10,0,Enabled,0.17367,-0.0219345,-0.119138,0.977325,-21.3171,-1.03046,-146.767,0.0116171,0,1685629186,539066797
1,NDI-MF2 s/n:3BAA9000,3926,Port:10,0,Enabled,0.175801,-0.0219505,-0.119572,0.976891,-21.5737,-0.813478,-146.958,0.0205416,0,1685629186,564099173
1,NDI-MF2 s/n:3BAA9000,3934,Port:10,0,Enabled,0.178076,-0.0234059,-0.119642,0.976436,-21.8666,-0.755123,-146.909,0.0182573,0,1685629186,589069684
1,NDI-MF2 s/n:3BAA9000,3942,Port:10,0,Enabled,0.178898,-0.0250852,-0.119319,0.976284,-22.0798,-0.729503,-146.991,0.0124979,0,1685629186,614049408
1,NDI-MF2 s/n:3BAA9000,3950,Port:10,0,Enabled,0.179044,-0.0260414,-0.118918,0.976281,-22.2307,-0.663549,-147.286,0.0132201,0,1685629186,639052811
1,NDI-MF2 s/n:3BAA9000,3958,Port:10,0,Enabled,0.180893,-0.0267604,-0.119679,0.975827,-22.4406,-0.518612,-147.373,0.015573,0,1685629186,664066200
1,NDI-MF2 s/n:3BAA9000,3966,Port:10,0,Enabled,0.183232,-0.0278479,-0.119808,0.975345,-22.6535,-0.3928,-147.326,0.0172899,0,1685629186,689035060
1,NDI-MF2 s/n:3BAA9000,3974,Port:10,0,Enabled,0.183756,-0.0293102,-0.118847,0.975321,-22.809,-0.339016,-147.516,0.0113332,0,1685629186,714005171
1,NDI-MF2 s/n:3BAA9000,3982,Port:10,0,Enabled,0.184524,-0.0301345,-0.119192,0.975108,-23.0514,-0.188475,-147.782,0.0115071,0,1685629186,739021404
1,NDI-MF2 s/n:3BAA9000,3990,Port:10,0,Enabled,0.18645,-0.0304554,-0.120067,0.974625,-23.3035,0.037653,-147.913,0.0205728,0,1685629186,764005108
1,NDI-MF2 s/n:3BAA9000,3998,Port:10,0,Enabled,0.188277,-0.0320325,-0.119339,0.974312,-23.577,0.0742154,-147.826,0.0171322,0,1685629186,788997186
1,NDI-MF2 s/n:3BAA9000,4006,Port:10,0,Enabled,0.18913,-0.0334634,-0.118921,0.97415,-23.7673,0.0935359,-147.973,0.0150861,0,1685629186,813979557
1,NDI-MF2 s/n:3BAA9000,4014,Port:10,0,Enabled,0.189607,-0.0339148,-0.118583,0.974083,-23.8808,0.24741,-148.351,0.0164724,0,1685629186,839022269
1,NDI-MF2 s/n:3BAA9000,4022,Port:10,0,Enabled,0.191745,-0.0345253,-0.119558,0.973523,-24.0945,0.510656,-148.454,0.0224303,0,1685629186,864017925
1,NDI-MF2 s/n:3BAA9000,4030,Port:10,0,Enabled,0.193923,-0.0362034,-0.120187,0.972953,-24.3273,0.623713,-148.387,0.0231289,0,1685629186,888970768
1,NDI-MF2 s/n:3BAA9000,4038,Port:10,0,Enabled,0.194263,-0.0381751,-0.11874,0.972988,-24.4488,0.580746,-148.549,0.010583,0,1685629186,913971617
1,NDI-MF2 s/n:3BAA9000,4046,Port:10,0,Enabled,0.195105,-0.0386898,-0.118198,0.972865,-24.6092,0.715391,-148.892,0.0134608,0,1685629186,938945407
1,NDI-MF2 s/n:3BAA9000,4054,Port:10,0,Enabled,0.197358,-0.0387683,-0.119347,0.972267,-24.8496,0.940985,-149.002,0.0224071,0,1685629186,963978258
1,NDI-MF2 s/n:3BAA9000,4062,Port:10,0,Enabled,0.199207,-0.0405319,-0.119244,0.971831,-25.0854,1.06215,-148.908,0.0217634,0,1685629186,989002235
1,NDI-MF2 s/n:3BAA9000,4070,Port:10,0,Enabled,0.199761,-0.0423512,-0.118188,0.971768,-25.2919,1.19434,-149.018,0.016458,0,1685629187,13941699
1,NDI-MF2 s/n:3BAA9000,4078,Port:10,0,Enabled,0.200204,-0.0428321,-0.117477,0.971742,-25.4628,1.43913,-149.387,0.0180295,0,1685629187,38962387
1,NDI-MF2 s/n:3BAA9000,4086,Port:10,0,Enabled,0.202579,-0.0432818,-0.118227,0.971139,-25.7591,1.65423,-149.383,0.0223674,0,1685629187,63965709
1,NDI-MF2 s/n:3BAA9000,4094,Port:10,0,Enabled,0.204865,-0.0447571,-0.119094,0.970487,-25.9484,1.7616,-149.263,0.0296471,0,1685629187,88910315
1,NDI-MF2 s/n:3BAA9000,4102,Port:10,0,Enabled,0.205393,-0.0468832,-0.117842,0.970427,-26.1487,1.77784,-149.341,0.0164364,0,1685629187,113912946
1,NDI-MF2 s/n:3BAA9000,4110,Port:10,0,Enabled,0.205463,-0.0482185,-0.117101,0.970437,-26.3221,1.87429,-149.73,0.0145298,0,1685629187,138926914
1,NDI-MF2 s/n:3BAA9000,4118,Port:10,0,Enabled,0.207245,-0.0479736,-0.11764,0.970005,-26.4633,2.11598,-149.932,0.0188203,0,1685629187,163975616
1,NDI-MF2 s/n:3BAA9000,4126,Port:10,0,Enabled,0.20927,-0.0492423,-0.11695,0.96959,-26.6768,2.10032,-149.814,0.0225667,0,1685629187,188959634
1,NDI-MF2 s/n:3BAA9000,4134,Port:10,0,Enabled,0.210308,-0.050657,-0.116549,0.969341,-26.8671,2.15865,-149.918,0.0213253,0,1685629187,212939060
1,NDI-MF2 s/n:3BAA9000,4142,Port:10,0,Enabled,0.211066,-0.0512636,-0.116347,0.969168,-27.04,2.37674,-150.167,0.0204787,0,1685629187,237953515
1,NDI-MF2 s/n:3BAA9000,4150,Port:10,0,Enabled,0.213075,-0.0518685,-0.116563,0.96867,-27.2754,2.68606,-150.215,0.0252105,0,1685629187,262976322
1,NDI-MF2 s/n:3BAA9000,4158,Port:10,0,Enabled,0.215123,-0.0534219,-0.116903,0.968092,-27.4714,2.79391,-150.164,0.0285119,0,1685629187,287932420
1,NDI-MF2 s/n:3BAA9000,4166,Port:10,0,Enabled,0.215492,-0.0555307,-0.115539,0.968055,-27.549,2.67627,-150.381,0.0160085,0,1685629187,312965545
1,NDI-MF2 s/n:3BAA9000,4174,Port:10,0,Enabled,0.216418,-0.0560763,-0.11544,0.967828,-27.7237,2.88738,-150.663,0.0168388,0,1685629187,337940909
1,NDI-MF2 s/n:3BAA9000,4182,Port:10,0,Enabled,0.218603,-0.0562308,-0.116308,0.967225,-27.9658,3.21872,-150.659,0.0271085,0,1685629187,362949958
1,NDI-MF2 s/n:3BAA9000,4190,Port:10,0,Enabled,0.220198,-0.0579851,-0.115356,0.966873,-28.1688,3.2923,-150.579,0.0290026,0,1685629187,387912322
1,NDI-MF2 s/n:3BAA9000,4198,Port:10,0,Enabled,0.220777,-0.0598358,-0.114149,0.966772,-28.3241,3.34062,-150.785,0.0213254,0,1685629187,412922393
1,NDI-MF2 s/n:3BAA9000,4206,Port:10,0,Enabled,0.22164,-0.0602208,-0.113847,0.966586,-28.4548,3.48453,-151.082,0.0224255,0,1685629187,437933570
1,NDI-MF2 s/n:3BAA9000,4214,Port:10,0,Enabled,0.224101,-0.0605101,-0.114377,0.965938,-28.7508,3.69309,-150.99,0.0296403,0,1685629187,462935841
1,NDI-MF2 s/n:3BAA9000,4222,Port:10,0,Enabled,0.226004,-0.0620729,-0.11479,0.965346,-28.927,3.83449,-150.933,0.0340998,0,1685629187,487897871
1,NDI-MF2 s/n:3BAA9000,4230,Port:10,0,Enabled,0.226304,-0.0642423,-0.112834,0.965364,-29.0674,3.81954,-151.163,0.0207611,0,1685629187,512935866
1,NDI-MF2 s/n:3BAA9000,4238,Port:10,0,Enabled,0.227247,-0.0650255,-0.112497,0.96513,-29.243,4.06174,-151.426,0.0196393,0,1685629187,537868842
1,NDI-MF2 s/n:3BAA9000,4246,Port:10,0,Enabled,0.22933,-0.065065,-0.11344,0.964524,-29.4015,4.38419,-151.433,0.0271237,0,1685629187,562881122
1,NDI-MF2 s/n:3BAA9000,4254,Port:10,0,Enabled,0.231025,-0.0668192,-0.112647,0.964092,-29.5915,4.39287,-151.359,0.0279232,0,1685629187,587894532
1,NDI-MF2 s/n:3BAA9000,4262,Port:10,0,Enabled,0.231769,-0.0684638,-0.111552,0.963925,-29.773,4.49245,-151.543,0.0241497,0,1685629187,612931615
1,NDI-MF2 s/n:3BAA9000,4270,Port:10,0,Enabled,0.232524,-0.0689309,-0.111503,0.963716,-29.8774,4.84076,-151.857,0.0238448,0,1685629187,637888429
1,NDI-MF2 s/n:3BAA9000,4278,Port:10,0,Enabled,0.23452,-0.0693622,-0.111744,0.963173,-30.0732,5.16844,-151.83,0.0296505,0,1685629187,662869548
1,NDI-MF2 s/n:3BAA9000,4286,Port:10,0,Enabled,0.236407,-0.0710023,-0.111912,0.962573,-30.2645,5.25819,-151.749,0.0327274,0,1685629187,687889414
1,NDI-MF2 s/n:3BAA9000,4294,Port:10,0,Enabled,0.236853,-0.0731802,-0.109632,0.962562,-30.3447,5.18281,-151.99,0.022321,0,1685629187,712841523
1,NDI-MF2 s/n:3BAA9000,4302,Port:10,0,Enabled,0.237832,-0.0737169,-0.109235,0.962325,-30.5181,5.34066,-152.254,0.0237564,0,1685629187,737893274
1,NDI-MF2 s/n:3BAA9000,4310,Port:10,0,Enabled,0.239846,-0.0734832,-0.11062,0.961685,-30.7297,5.67891,-152.217,0.0321404,0,1685629187,762962247
1,NDI-MF2 s/n:3BAA9000,4318,Port:10,0,Enabled,0.241407,-0.0748544,-0.109565,0.961309,-30.9291,5.86689,-152.163,0.0372889,0,1685629187,787888063
1,NDI-MF2 s/n:3BAA9000,4326,Port:10,0,Enabled,0.24227,-0.0765861,-0.108364,0.961092,-31.072,5.91287,-152.34,0.0297239,0,1685629187,812874480
1,NDI-MF2 s/n:3BAA9000,4334,Port:10,0,Enabled,0.243299,-0.0773533,-0.108123,0.960797,-31.1494,5.987,-152.642,0.0284542,0,1685629187,837880607
1,NDI-MF2 s/n:3BAA9000,4342,Port:10,0,Enabled,0.245326,-0.0778511,-0.108585,0.960189,-31.32,6.19891,-152.596,0.0333894,0,1685629187,862829219
1,NDI-MF2 s/n:3BAA9000,4350,Port:10,0,Enabled,0.247159,-0.0792463,-0.108151,0.959655,-31.5208,6.40287,-152.495,0.0381799,0,1685629187,887832925
1,NDI-MF2 s/n:3BAA9000,4358,Port:10,0,Enabled,0.247687,-0.0815733,-0.105987,0.959564,-31.6309,6.42658,-152.784,0.028241,0,1685629187,912814167
1,NDI-MF2 s/n:3BAA9000,4366,Port:10,0,Enabled,0.248733,-0.0825902,-0.105817,0.959225,-31.7793,6.57719,-153.08,0.0237732,0,1685629187,937848737
1,NDI-MF2 s/n:3BAA9000,4374,Port:10,0,Enabled,0.250797,-0.0827779,-0.106327,0.958615,-31.8879,6.75528,-153.081,0.0281944,0,1685629187,962789056
1,NDI-MF2 s/n:3BAA9000,4382,Port:10,0,Enabled,0.252642,-0.0843517,-0.1053,0.958107,-32.0119,6.80755,-152.944,0.0294539,0,1685629187,987787123
1,NDI-MF2 s/n:3BAA9000,4390,Port:10,0,Enabled,0.253624,-0.0862541,-0.103182,0.957909,-32.1813,6.91555,-153.008,0.0300489,0,1685629188,12850045
1,NDI-MF2 s/n:3BAA9000,4398,Port:10,0,Enabled,0.254664,-0.086691,-0.102105,0.957709,-32.3781,7.25545,-153.301,0.0328778,0,1685629188,37801034
1,NDI-MF2 s/n:3BAA9000,4406,Port:10,0,Enabled,0.256611,-0.0862882,-0.103714,0.957052,-32.6735,7.68145,-153.301,0.0374056,0,1685629188,62863586
1,NDI-MF2 s/n:3BAA9000,4414,Port:10,0,Enabled,0.258154,-0.0875315,-0.105331,0.956347,-32.7862,7.93713,-153.304,0.0406417,0,1685629188,87818501
1,NDI-MF2 s/n:3BAA9000,4422,Port:10,0,Enabled,0.258718,-0.0902033,-0.103236,0.956175,-32.823,7.94337,-153.515,0.0267471,0,1685629188,112785034
1,NDI-MF2 s/n:3BAA9000,4430,Port:10,0,Enabled,0.259859,-0.0914023,-0.102005,0.955884,-33.0072,8.04744,-153.634,0.0266524,0,1685629188,137768742
1,NDI-MF2 s/n:3BAA9000,4438,Port:10,0,Enabled,0.261695,-0.0911774,-0.101826,0.955424,-33.0821,8.40255,-153.641,0.0320162,0,1685629188,162759744
1,NDI-MF2 s/n:3BAA9000,4446,Port:10,0,Enabled,0.263303,-0.0920797,-0.100509,0.955034,-33.316,8.61602,-153.49,0.0377908,0,1685629188,187743439
1,NDI-MF2 s/n:3BAA9000,4454,Port:10,0,Enabled,0.264305,-0.0935699,-0.100265,0.954638,-33.4931,8.77072,-153.579,0.034566,0,1685629188,212764656
1,NDI-MF2 s/n:3BAA9000,4462,Port:10,0,Enabled,0.265002,-0.0944868,-0.100013,0.954381,-33.5614,9.00246,-153.883,0.031335,0,1685629188,237746130
1,NDI-MF2 s/n:3BAA9000,4470,Port:10,0,Enabled,0.266589,-0.0951096,-0.100042,0.953874,-33.7107,9.20764,-153.834,0.0344897,0,1685629188,262861853
1,NDI-MF2 s/n:3BAA9000,4478,Port:10,0,Enabled,0.268385,-0.0958058,-0.099906,0.953316,-33.832,9.43716,-153.675,0.0430815,0,1685629188,287728555
1,NDI-MF2 s/n:3BAA9000,4486,Port:10,0,Enabled,0.269387,-0.0973961,-0.0984852,0.953019,-33.9266,9.52706,-153.768,0.0384187,0,1685629188,312713587
1,NDI-MF2 s/n:3BAA9000,4494,Port:10,0,Enabled,0.269947,-0.0989196,-0.0968908,0.952867,-34.103,9.63204,-154.108,0.0317436,0,1685629188,337712530
1,NDI-MF2 s/n:3BAA9000,4502,Port:10,0,Enabled,0.271214,-0.0992467,-0.0975747,0.952403,-34.2658,9.95924,-154.252,0.0319343,0,1685629188,362746433
1,NDI-MF2 s/n:3BAA9000,4510,Port:10,0,Enabled,0.272577,-0.100354,-0.0974559,0.95191,-34.3048,10.221,-154.234,0.0323804,0,1685629188,387696676
1,NDI-MF2 s/n:3BAA9000,4518,Port:10,0,Enabled,0.273631,-0.102052,-0.0966819,0.951506,-34.4342,10.3544,-154.249,0.0310224,0,1685629188,412677560
1,NDI-MF2 s/n:3BAA9000,4526,Port:10,0,Enabled,0.274605,-0.103462,-0.0955671,0.951186,-34.5114,10.4249,-154.457,0.0279319,0,1685629188,437675203
1,NDI-MF2 s/n:3BAA9000,4534,Port:10,0,Enabled,0.275822,-0.10351,-0.0951398,0.950872,-34.7112,10.7181,-154.468,0.0327669,0,1685629188,462694559
1,NDI-MF2 s/n:3BAA9000,4542,Port:10,0,Enabled,0.27719,-0.104108,-0.09582,0.95034,-34.9195,11.0366,-154.332,0.0391201,0,1685629188,487674667
1,NDI-MF2 s/n:3BAA9000,4550,Port:10,0,Enabled,0.277683,-0.106311,-0.0943048,0.950104,-34.9662,11.2086,-154.621,0.0308751,0,1685629188,512712568
1,NDI-MF2 s/n:3BAA9000,4558,Port:10,0,Enabled,0.2784,-0.108183,-0.0916593,0.949942,-35.0947,11.268,-154.867,0.0334775,0,1685629188,537664511
1,NDI-MF2 s/n:3BAA9000,4566,Port:10,0,Enabled,0.279966,-0.108408,-0.0910259,0.949516,-35.1421,11.4502,-154.865,0.0339822,0,1685629188,562648143
1,NDI-MF2 s/n:3BAA9000,4574,Port:10,0,Enabled,0.281883,-0.108039,-0.0919748,0.9489,-35.2569,11.7198,-154.661,0.0373372,0,1685629188,587749206
1,NDI-MF2 s/n:3BAA9000,4582,Port:10,0,Enabled,0.283143,-0.10915,-0.0917631,0.948418,-35.4127,11.9743,-154.583,0.0372243,0,1685629188,612634745
1,NDI-MF2 s/n:3BAA9000,4590,Port:10,0,Enabled,0.284125,-0.110122,-0.0907278,0.948112,-35.5556,12.1959,-154.783,0.0355371,0,1685629188,637651285
1,NDI-MF2 s/n:3BAA9000,4598,Port:10,0,Enabled,0.285547,-0.111188,-0.090072,0.947622,-35.6508,12.3381,-154.885,0.0367722,0,1685629188,661721914
1,NDI-MF2 s/n:3BAA9000,4606,Port:10,0,Enabled,0.286933,-0.112284,-0.0892896,0.947148,-35.6116,12.4419,-154.966,0.0358289,0,1685629188,687622764
1,NDI-MF2 s/n:3BAA9000,4614,Port:10,0,Enabled,0.287867,-0.114025,-0.0869096,0.946878,-35.8084,12.5566,-155.076,0.0361044,0,1685629188,712608935
1,NDI-MF2 s/n:3BAA9000,4622,Port:10,0,Enabled,0.288898,-0.114571,-0.0866824,0.946519,-35.9934,12.9285,-155.204,0.0360007,0,1685629188,737649431
1,NDI-MF2 s/n:3BAA9000,4630,Port:10,0,Enabled,0.290258,-0.114805,-0.0876685,0.945983,-36.1311,13.2678,-155.193,0.0374263,0,1685629188,761698335
1,NDI-MF2 s/n:3BAA9000,4638,Port:10,0,Enabled,0.29146,-0.116482,-0.0870329,0.945468,-36.1257,13.3893,-155.244,0.0333573,0,1685629188,786689540
1,NDI-MF2 s/n:3BAA9000,4646,Port:10,0,Enabled,0.29238,-0.118407,-0.0850358,0.945126,-36.1915,13.4969,-155.333,0.0305023,0,1685629188,811708309
1,NDI-MF2 s/n:3BAA9000,4654,Port:10,0,Enabled,0.29333,-0.119304,-0.0836429,0.944843,-36.2973,13.7902,-155.453,0.0345099,0,1685629188,836655691
1,NDI-MF2 s/n:3BAA9000,4662,Port:10,0,Enabled,0.294569,-0.11912,-0.0835865,0.944486,-36.3747,14.2748,-155.462,0.0357079,0,1685629188,861687369
1,NDI-MF2 s/n:3BAA9000,4670,Port:10,0,Enabled,0.295995,-0.119412,-0.0845565,0.943916,-36.5016,14.5963,-155.367,0.0379172,0,1685629188,886641560
1,NDI-MF2 s/n:3BAA9000,4678,Port:10,0,Enabled,0.296861,-0.121503,-0.0834486,0.943476,-36.5236,14.6374,-155.587,0.0340994,0,1685629188,911671941
1,NDI-MF2 s/n:3BAA9000,4686,Port:10,0,Enabled,0.297934,-0.123125,-0.0820988,0.943046,-36.6675,14.674,-155.686,0.0336728,0,1685629188,936668203
1,NDI-MF2 s/n:3BAA9000,4694,Port:10,0,Enabled,0.299349,-0.123254,-0.0814961,0.942633,-36.799,14.8293,-155.552,0.035519,0,1685629188,961632913
1,NDI-MF2 s/n:3BAA9000,4702,Port:10,0,Enabled,0.300647,-0.123094,-0.0815808,0.942233,-37.0118,15.1204,-155.339,0.0389504,0,1685629188,986601836
1,NDI-MF2 s/n:3BAA9000,4710,Port:10,0,Enabled,0.301464,-0.124348,-0.0807324,0.941881,-37.1287,15.4091,-155.432,0.0360973,0,1685629189,11717252
1,NDI-MF2 s/n:3BAA9000,4718,Port:10,0,Enabled,0.302178,-0.125964,-0.0787983,0.941601,-37.2002,15.6368,-155.599,0.035131,0,1685629189,36681766
1,NDI-MF2 s/n:3BAA9000,4726,Port:10,0,Enabled,0.30325,-0.127166,-0.0773584,0.941214,-37.2404,15.8304,-155.688,0.0347421,0,1685629189,61662242
1,NDI-MF2 s/n:3BAA9000,4734,Port:10,0,Enabled,0.304535,-0.127458,-0.0766357,0.940819,-37.3314,16.0444,-155.517,0.0359844,0,1685629189,86663847
1,NDI-MF2 s/n:3BAA9000,4742,Port:10,0,Enabled,0.305749,-0.128305,-0.0758446,0.940374,-37.3224,16.1395,-155.513,0.0364658,0,1685629189,111605384
1,NDI-MF2 s/n:3BAA9000,4750,Port:10,0,Enabled,0.306619,-0.129681,-0.0743554,0.940021,-37.2614,16.2049,-155.859,0.0363922,0,1685629189,136577562
1,NDI-MF2 s/n:3BAA9000,4758,Port:10,0,Enabled,0.307551,-0.131114,-0.073474,0.939587,-37.3124,16.3424,-156.169,0.0366846,0,1685629189,161576930
1,NDI-MF2 s/n:3BAA9000,4766,Port:10,0,Enabled,0.308711,-0.132235,-0.0722215,0.939146,-37.3934,16.5584,-156.181,0.0338794,0,1685629189,186575653
1,NDI-MF2 s/n:3BAA9000,4774,Port:10,0,Enabled,0.30985,-0.133109,-0.0709523,0.938744,-37.5008,16.8083,-156.079,0.0350548,0,1685629189,211604776
1,NDI-MF2 s/n:3BAA9000,4782,Port:10,0,Enabled,0.310793,-0.133418,-0.0704807,0.938424,-37.6199,17.1627,-156.138,0.0351978,0,1685629189,236619956
1,NDI-MF2 s/n:3BAA9000,4790,Port:10,0,Enabled,0.311677,-0.133738,-0.0706233,0.938074,-37.7409,17.5029,-156.158,0.0367532,0,1685629189,261609803
1,NDI-MF2 s/n:3BAA9000,4798,Port:10,0,Enabled,0.312644,-0.134495,-0.0704239,0.93766,-37.752,17.8383,-156.112,0.0396172,0,1685629189,286628899
1,NDI-MF2 s/n:3BAA9000,4806,Port:10,0,Enabled,0.313345,-0.136065,-0.0686412,0.937331,-37.8424,18.0803,-156.195,0.0382063,0,1685629189,311566774
1,NDI-MF2 s/n:3BAA9000,4814,Port:10,0,Enabled,0.314204,-0.137092,-0.0671702,0.937001,-37.9334,18.3039,-156.265,0.0387586,0,1685629189,336594654
1,NDI-MF2 s/n:3BAA9000,4822,Port:10,0,Enabled,0.315186,-0.137121,-0.0673236,0.936656,-38.0148,18.6459,-156.222,0.0341896,0,1685629189,361551278
1,NDI-MF2 s/n:3BAA9000,4830,Port:10,0,Enabled,0.316153,-0.13771,-0.0665909,0.936296,-38.098,18.7532,-156.143,0.0329404,0,1685629189,386540008
1,NDI-MF2 s/n:3BAA9000,4838,Port:10,0,Enabled,0.31694,-0.138864,-0.0658861,0.935909,-38.2093,18.7685,-156.163,0.0310381,0,1685629189,411642357
1,NDI-MF2 s/n:3BAA9000,4846,Port:10,0,Enabled,0.317669,-0.140066,-0.0645818,0.935573,-38.1993,18.9438,-156.408,0.0366761,0,1685629189,436528699
1,NDI-MF2 s/n:3BAA9000,4854,Port:10,0,Enabled,0.3186,-0.140321,-0.063725,0.935277,-38.2544,19.3492,-156.367,0.0356567,0,1685629189,461554234
1,NDI-MF2 s/n:3BAA9000,4862,Port:10,0,Enabled,0.319503,-0.140492,-0.063343,0.934969,-38.3678,19.7409,-156.183,0.0341197,0,1685629189,486536712
1,NDI-MF2 s/n:3BAA9000,4870,Port:10,0,Enabled,0.320319,-0.14184,-0.0618264,0.934588,-38.3988,19.8349,-156.302,0.0336031,0,1685629189,511514570
1,NDI-MF2 s/n:3BAA9000,4878,Port:10,0,Enabled,0.321141,-0.143431,-0.0599179,0.934188,-38.3728,19.8778,-156.526,0.0373714,0,1685629189,536538911
1,NDI-MF2 s/n:3BAA9000,4886,Port:10,0,Enabled,0.322236,-0.144672,-0.0582173,0.933726,-38.453,20.065,-156.626,0.0398242,0,1685629189,561529421
1,NDI-MF2 s/n:3BAA9000,4894,Port:10,0,Enabled,0.32311,-0.145089,-0.0571955,0.933422,-38.5796,20.4582,-156.396,0.0360881,0,1685629189,586486626
1,NDI-MF2 s/n:3BAA9000,4902,Port:10,0,Enabled,0.323882,-0.145153,-0.0567842,0.93317,-38.7284,20.7884,-156.147,0.0300898,0,1685629189,611485646
1,NDI-MF2 s/n:3BAA9000,4910,Port:10,0,Enabled,0.324557,-0.146188,-0.0563678,0.932799,-38.7293,20.8339,-156.309,0.0294465,0,1685629189,636540403
1,NDI-MF2 s/n:3BAA9000,4918,Port:10,0,Enabled,0.325286,-0.147116,-0.0557804,0.932435,-38.6828,20.8651,-156.5,0.0312384,0,1685629189,661512034
1,NDI-MF2 s/n:3BAA9000,4926,Port:10,0,Enabled,0.326132,-0.147354,-0.0552445,0.932134,-38.6777,21.1692,-156.476,0.0329269,0,1685629189,686518287
1,NDI-MF2 s/n:3BAA9000,4934,Port:10,0,Enabled,0.327033,-0.148298,-0.053412,0.931775,-38.6524,21.4498,-156.561,0.0364822,0,1685629189,711449139
1,NDI-MF2 s/n:3BAA9000,4942,Port:10,0,Enabled,0.327804,-0.149149,-0.0521098,0.931442,-38.703,21.766,-156.605,0.0350068,0,1685629189,736540559
1,NDI-MF2 s/n:3BAA9000,4950,Port:10,0,Enabled,0.328566,-0.149794,-0.0515792,0.9311,-38.7049,21.9954,-156.653,0.0351959,0,1685629189,761441865
1,NDI-MF2 s/n:3BAA9000,4958,Port:10,0,Enabled,0.329293,-0.150081,-0.0510948,0.930823,-38.8221,22.2773,-156.486,0.0327361,0,1685629189,786536321
1,NDI-MF2 s/n:3BAA9000,4966,Port:10,0,Enabled,0.329658,-0.150638,-0.0501756,0.930654,-38.9396,22.7095,-156.316,0.026915,0,1685629189,811568643
1,NDI-MF2 s/n:3BAA9000,4974,Port:10,0,Enabled,0.330141,-0.151729,-0.0491117,0.930362,-38.8854,23.074,-156.468,0.0306138,0,1685629189,836439878
1,NDI-MF2 s/n:3BAA9000,4982,Port:10,0,Enabled,0.330689,-0.152614,-0.0476981,0.930096,-38.9235,23.2753,-156.62,0.0326418,0,1685629189,861466281
1,NDI-MF2 s/n:3BAA9000,4990,Port:10,0,Enabled,0.331268,-0.15293,-0.0468855,0.92988,-39.006,23.4465,-156.626,0.0335119,0,1685629189,886504787
1,NDI-MF2 s/n:3BAA9000,4998,Port:10,0,Enabled,0.33208,-0.153776,-0.0450852,0.929539,-39.0198,23.4986,-156.66,0.0358312,0,1685629189,911406701
1,NDI-MF2 s/n:3BAA9000,5006,Port:10,0,Enabled,0.332681,-0.15438,-0.0440028,0.929276,-39.0616,23.7231,-156.582,0.0311655,0,1685629189,936450340
1,NDI-MF2 s/n:3BAA9000,5014,Port:10,0,Enabled,0.333089,-0.154386,-0.0443194,0.929114,-39.1142,24.1206,-156.5,0.0261203,0,1685629189,961437380
1,NDI-MF2 s/n:3BAA9000,5022,Port:10,0,Enabled,0.333612,-0.154516,-0.043794,0.928929,-39.1503,24.4368,-156.407,0.0234779,0,1685629189,986426471
1,NDI-MF2 s/n:3BAA9000,5030,Port:10,0,Enabled,0.334105,-0.155062,-0.043122,0.928693,-39.1309,24.614,-156.401,0.0245805,0,1685629190,11384476
1,NDI-MF2 s/n:3BAA9000,5038,Port:10,0,Enabled,0.334656,-0.156481,-0.041616,0.928325,-39.0315,24.6979,-156.681,0.0283084,0,1685629190,36432142
1,NDI-MF2 s/n:3BAA9000,5046,Port:10,0,Enabled,0.335273,-0.157262,-0.0402118,0.928032,-39.0026,24.8545,-156.769,0.0321894,0,1685629190,61424876
1,NDI-MF2 s/n:3BAA9000,5054,Port:10,0,Enabled,0.335784,-0.157503,-0.0393076,0.927846,-39.0819,25.1793,-156.642,0.0298477,0,1685629190,86487758
1,NDI-MF2 s/n:3BAA9000,5062,Port:10,0,Enabled,0.336306,-0.15839,-0.037326,0.927587,-39.1451,25.5366,-156.532,0.0295206,0,1685629190,111394123
1,NDI-MF2 s/n:3BAA9000,5070,Port:10,0,Enabled,0.336716,-0.159072,-0.0357249,0.927385,-39.209,25.8831,-156.517,0.0273273,0,1685629190,136366217
1,NDI-MF2 s/n:3BAA9000,5078,Port:10,0,Enabled,0.337176,-0.159541,-0.0349868,0.927165,-39.2324,26.0914,-156.677,0.0281666,0,1685629190,161364335
1,NDI-MF2 s/n:3BAA9000,5086,Port:10,0,Enabled,0.337693,-0.159748,-0.0340384,0.926977,-39.3093,26.261,-156.566,0.0230956,0,1685629190,186376537
1,NDI-MF2 s/n:3BAA9000,5094,Port:10,0,Enabled,0.338073,-0.160023,-0.0334601,0.926811,-39.2975,26.4757,-156.473,0.0237296,0,1685629190,211339394
1,NDI-MF2 s/n:3BAA9000,5102,Port:10,0,Enabled,0.338317,-0.160869,-0.0322061,0.92662,-39.2914,26.7744,-156.518,0.0254539,0,1685629190,236359700
1,NDI-MF2 s/n:3BAA9000,5110,Port:10,0,Enabled,0.338487,-0.161378,-0.030796,0.926518,-39.316,27.0454,-156.648,0.0270958,0,1685629190,260400658
1,NDI-MF2 s/n:3BAA9000,5118,Port:10,0,Enabled,0.338848,-0.161387,-0.0298383,0.926416,-39.3585,27.2448,-156.629,0.0275051,0,1685629190,286456131
1,NDI-MF2 s/n:3BAA9000,5126,Port:10,0,Enabled,0.339478,-0.161918,-0.0278551,0.926154,-39.3318,27.358,-156.556,0.0299045,0,1685629190,311311715
1,NDI-MF2 s/n:3BAA9000,5134,Port:10,0,Enabled,0.339845,-0.162481,-0.0263578,0.925965,-39.3591,27.5917,-156.41,0.0294665,0,1685629190,335423108
1,NDI-MF2 s/n:3BAA9000,5142,Port:10,0,Enabled,0.339946,-0.163024,-0.0261055,0.925839,-39.4628,27.9755,-156.421,0.0214772,0,1685629190,360391827
1,NDI-MF2 s/n:3BAA9000,5150,Port:10,0,Enabled,0.340034,-0.163301,-0.0254777,0.925776,-39.5295,28.3482,-156.448,0.0200634,0,1685629190,385368890
1,NDI-MF2 s/n:3BAA9000,5158,Port:10,0,Enabled,0.340419,-0.16334,-0.0246312,0.92565,-39.4425,28.5958,-156.408,0.0221865,0,1685629190,410373988
1,NDI-MF2 s/n:3BAA9000,5166,Port:10,0,Enabled,0.340946,-0.163938,-0.0233198,0.925385,-39.2982,28.7176,-156.462,0.0270405,0,1685629190,435366151
1,NDI-MF2 s/n:3BAA9000,5174,Port:10,0,Enabled,0.341318,-0.164464,-0.0221904,0.925182,-39.2891,28.8378,-156.461,0.0263019,0,1685629190,460331335
1,NDI-MF2 s/n:3BAA9000,5182,Port:10,0,Enabled,0.341542,-0.164689,-0.0215172,0.925075,-39.313,29.0231,-156.447,0.0246529,0,1685629190,485423379
1,NDI-MF2 s/n:3BAA9000,5190,Port:10,0,Enabled,0.342282,-0.165171,-0.0191761,0.924767,-39.2274,29.0894,-156.426,0.0271964,0,1685629190,510453784
1,NDI-MF2 s/n:3BAA9000,5198,Port:10,0,Enabled,0.342755,-0.1659,-0.0173475,0.924498,-39.1946,29.2265,-156.369,0.0267603,0,1685629190,535377683
1,NDI-MF2 s/n:3BAA9000,5206,Port:10,0,Enabled,0.343034,-0.165731,-0.0149805,0.924466,-39.4081,28.8388,-156.344,0.0677126,0,1685629190,560342610
1,NDI-MF2 s/n:3BAA9000,5214,Port:10,0,Enabled,0.343173,-0.167034,-0.0154261,0.924172,-39.2149,29.9368,-156.624,0.0232467,0,1685629190,585413745
1,NDI-MF2 s/n:3BAA9000,5222,Port:10,0,Enabled,0.343508,-0.16694,-0.0139014,0.924089,-39.2441,30.2997,-156.549,0.0214827,0,1685629190,610351021
1,NDI-MF2 s/n:3BAA9000,5230,Port:10,0,Enabled,0.343771,-0.166993,-0.0131705,0.923992,-39.1713,30.5653,-156.379,0.0231637,0,1685629190,635349849
1,NDI-MF2 s/n:3BAA9000,5238,Port:10,0,Enabled,0.343954,-0.167473,-0.0125839,0.923845,-39.1308,30.8067,-156.229,0.0270175,0,1685629190,660313803
1,NDI-MF2 s/n:3BAA9000,5246,Port:10,0,Enabled,0.344027,-0.167869,-0.0120048,0.923754,-39.2066,31.0449,-156.27,0.0238943,0,1685629190,685354615
1,NDI-MF2 s/n:3BAA9000,5254,Port:10,0,Enabled,0.344632,-0.168207,-0.0093834,0.923497,-39.165,31.1703,-156.256,0.0239952,0,1685629190,710436951
1,NDI-MF2 s/n:3BAA9000,5262,Port:10,0,Enabled,0.345015,-0.168481,-0.00741219,0.923322,-39.125,31.3139,-156.097,0.0276205,0,1685629190,735323189
1,NDI-MF2 s/n:3BAA9000,5270,Port:10,0,Enabled,0.345195,-0.169169,-0.00668422,0.923135,-39.1071,31.5196,-156.127,0.0229249,0,1685629190,760283808
1,NDI-MF2 s/n:3BAA9000,5278,Port:10,0,Enabled,0.345311,-0.169511,-0.00535097,0.923037,-39.1653,31.7709,-156.23,0.0183385,0,1685629190,785283166
1,NDI-MF2 s/n:3BAA9000,5286,Port:10,0,Enabled,0.345363,-0.169312,-0.00442356,0.923059,-39.1465,32.0839,-156.157,0.0172644,0,1685629190,810313089
1,NDI-MF2 s/n:3BAA9000,5294,Port:10,0,Enabled,0.345624,-0.169558,-0.00361596,0.92292,-38.9985,32.3876,-156.138,0.0211554,0,1685629190,835320335
1,NDI-MF2 s/n:3BAA9000,5302,Port:10,0,Enabled,0.345927,-0.170014,-0.00220652,0.922727,-38.9236,32.6285,-156.173,0.0226896,0,1685629190,860284166
1,NDI-MF2 s/n:3BAA9000,5310,Port:10,0,Enabled,0.346094,-0.170106,-0.00130637,0.922649,-38.8947,32.9383,-156.241,0.0246403,0,1685629190,885278926
1,NDI-MF2 s/n:3BAA9000,5318,Port:10,0,Enabled,0.346627,-0.170129,0.000977051,0.922445,-38.8633,33.0491,-156.211,0.0237019,0,1685629190,910284035
1,NDI-MF2 s/n:3BAA9000,5326,Port:10,0,Enabled,0.346824,-0.170286,0.00198167,0.922341,-38.806,33.232,-156.01,0.0218114,0,1685629190,935314601
1,NDI-MF2 s/n:3BAA9000,5334,Port:10,0,Enabled,0.346895,-0.170918,0.00218281,0.922196,-38.7161,33.497,-156.103,0.0211163,0,1685629190,960316899
1,NDI-MF2 s/n:3BAA9000,5342,Port:10,0,Enabled,0.347136,-0.171116,0.00398185,0.922063,-38.6904,33.741,-156.269,0.0224207,0,1685629190,985264799
1,NDI-MF2 s/n:3BAA9000,5350,Port:10,0,Enabled,0.347551,-0.170925,0.00586231,0.921932,-38.6304,33.9203,-156.267,0.0252538,0,1685629191,10286914
1,NDI-MF2 s/n:3BAA9000,5358,Port:10,0,Enabled,0.348055,-0.171311,0.00732472,0.921659,-38.5081,34.0621,-156.104,0.0354004,0,1685629191,35260761
1,NDI-MF2 s/n:3BAA9000,5366,Port:10,0,Enabled,0.348433,-0.171949,0.00874412,0.921385,-38.472,34.2543,-156.023,0.0359364,0,1685629191,60267549
1,NDI-MF2 s/n:3BAA9000,5374,Port:10,0,Enabled,0.348283,-0.172205,0.00957232,0.921387,-38.5866,34.6169,-156.012,0.0248991,0,1685629191,85253621
1,NDI-MF2 s/n:3BAA9000,5382,Port:10,0,Enabled,0.34866,-0.171978,0.0119371,0.921259,-38.5582,34.8333,-155.989,0.0232219,0,1685629191,110283555
1,NDI-MF2 s/n:3BAA9000,5390,Port:10,0,Enabled,0.348726,-0.171495,0.0126918,0.921313,-38.4569,35.1413,-155.768,0.0192361,0,1685629191,135372897
1,NDI-MF2 s/n:3BAA9000,5398,Port:10,0,Enabled,0.348859,-0.17207,0.0128754,0.921154,-38.2851,35.3863,-155.769,0.0238771,0,1685629191,160277429
1,NDI-MF2 s/n:3BAA9000,5406,Port:10,0,Enabled,0.348754,-0.172293,0.0138032,0.921138,-38.2846,35.6874,-155.806,0.0194201,0,1685629191,185350401
1,NDI-MF2 s/n:3BAA9000,5414,Port:10,0,Enabled,0.349108,-0.172237,0.0155302,0.920987,-38.2135,35.8732,-155.896,0.0212241,0,1685629191,210278441
1,NDI-MF2 s/n:3BAA9000,5422,Port:10,0,Enabled,0.349754,-0.172213,0.0177471,0.920707,-38.0689,35.9535,-155.81,0.0363469,0,1685629191,235186818
1,NDI-MF2 s/n:3BAA9000,5430,Port:10,0,Enabled,0.349661,-0.172348,0.0185637,0.920701,-38.0698,36.2079,-155.646,0.0279141,0,1685629191,260159255
1,NDI-MF2 s/n:3BAA9000,5438,Port:10,0,Enabled,0.34932,-0.172766,0.0185469,0.920752,-38.1203,36.5259,-155.786,0.0216374,0,1685629191,285265385
1,NDI-MF2 s/n:3BAA9000,5446,Port:10,0,Enabled,0.349696,-0.172509,0.0200874,0.920625,-38.0049,36.7889,-155.914,0.0231174,0,1685629191,310281066
1,NDI-MF2 s/n:3BAA9000,5454,Port:10,0,Enabled,0.350217,-0.171799,0.0219466,0.920517,-37.8193,37.0341,-155.693,0.0251319,0,1685629191,335194167
1,NDI-MF2 s/n:3BAA9000,5462,Port:10,0,Enabled,0.350499,-0.172254,0.0225395,0.92031,-37.6286,37.2636,-155.599,0.0334845,0,1685629191,360142832
1,NDI-MF2 s/n:3BAA9000,5470,Port:10,0,Enabled,0.350504,-0.172729,0.0241042,0.92018,-37.6287,37.5279,-155.621,0.0252619,0,1685629191,385187287
1,NDI-MF2 s/n:3BAA9000,5478,Port:10,0,Enabled,0.350423,-0.172555,0.0250552,0.920218,-37.7353,37.7089,-155.672,0.020727,0,1685629191,410156093
1,NDI-MF2 s/n:3BAA9000,5486,Port:10,0,Enabled,0.350566,-0.172167,0.026006,0.92021,-37.6264,37.8582,-155.527,0.0179139,0,1685629191,435142779
1,NDI-MF2 s/n:3BAA9000,5494,Port:10,0,Enabled,0.351163,-0.171908,0.0277381,0.91998,-37.3649,37.897,-155.275,0.0349256,0,1685629191,460132449
1,NDI-MF2 s/n:3BAA9000,5502,Port:10,0,Enabled,0.351226,-0.172366,0.0282869,0.919853,-37.1832,38.1474,-155.265,0.0330898,0,1685629191,485185933
1,NDI-MF2 s/n:3BAA9000,5510,Port:10,0,Enabled,0.351687,-0.172777,0.0306999,0.919523,-37.1655,38.3392,-155.424,0.0259513,0,1685629191,510108985
1,NDI-MF2 s/n:3BAA9000,5518,Port:10,0,Enabled,0.351802,-0.172458,0.0324005,0.91948,-37.1368,38.6476,-155.375,0.0208718,0,1685629191,535174211
1,NDI-MF2 s/n:3BAA9000,5526,Port:10,0,Enabled,0.352066,-0.172468,0.0333884,0.919342,-36.9744,38.9051,-155.312,0.0284472,0,1685629191,560108524
1,NDI-MF2 s/n:3BAA9000,5534,Port:10,0,Enabled,0.351991,-0.172495,0.0345155,0.919324,-37.0323,39.1362,-155.216,0.0220003,0,1685629191,585117931
1,NDI-MF2 s/n:3BAA9000,5542,Port:10,0,Enabled,0.351948,-0.172248,0.0356566,0.919343,-37.0075,39.3764,-155.232,0.0190535,0,1685629191,610104592
1,NDI-MF2 s/n:3BAA9000,5550,Port:10,0,Enabled,0.352393,-0.171556,0.0379322,0.919211,-36.796,39.5572,-154.958,0.0374344,0,1685629191,635122750
1,NDI-MF2 s/n:3BAA9000,5558,Port:10,0,Enabled,0.352608,-0.171489,0.0393825,0.919081,-36.6622,39.6625,-154.657,0.0464547,0,1685629191,660078041
1,NDI-MF2 s/n:3BAA9000,5566,Port:10,0,Enabled,0.35245,-0.172037,0.0393298,0.919041,-36.5959,39.8119,-154.673,0.0258671,0,1685629191,685190920
1,NDI-MF2 s/n:3BAA9000,5574,Port:10,0,Enabled,0.352481,-0.172755,0.0397183,0.918878,-36.5666,39.9789,-154.978,0.0244839,0,1685629191,710066557
1,NDI-MF2 s/n:3BAA9000,5582,Port:10,0,Enabled,0.352962,-0.171794,0.0423191,0.918757,-36.4163,40.2792,-155.022,0.0180008,0,1685629191,735172842
1,NDI-MF2 s/n:3BAA9000,5590,Port:10,0,Enabled,0.353409,-0.171158,0.0443137,0.91861,-36.258,40.4923,-154.847,0.0372487,0,1685629191,759136709
1,NDI-MF2 s/n:3BAA9000,5598,Port:10,0,Enabled,0.35307,-0.171322,0.0453222,0.91866,-36.2732,40.784,-154.703,0.0278078,0,1685629191,785108034
1,NDI-MF2 s/n:3BAA9000,5606,Port:10,0,Enabled,0.352884,-0.171306,0.0461287,0.918694,-36.2256,41.0026,-154.692,0.0177602,0,1685629191,810064517
1,NDI-MF2 s/n:3BAA9000,5614,Port:10,0,Enabled,0.353331,-0.170488,0.0479819,0.91858,-36.0426,41.0956,-154.439,0.032074,0,1685629191,835058319
1,NDI-MF2 s/n:3BAA9000,5622,Port:10,0,Enabled,0.353479,-0.170308,0.0492621,0.918488,-35.9261,41.2284,-154.195,0.0389113,0,1685629191,860029940
1,NDI-MF2 s/n:3BAA9000,5630,Port:10,0,Enabled,0.353204,-0.17117,0.0489378,0.918452,-35.7774,41.5587,-154.344,0.0231865,0,1685629191,884095358
1,NDI-MF2 s/n:3BAA9000,5638,Port:10,0,Enabled,0.353365,-0.170726,0.0511837,0.91835,-35.7485,41.8251,-154.517,0.01481,0,1685629191,909147466
1,NDI-MF2 s/n:3BAA9000,5646,Port:10,0,Enabled,0.353531,-0.169511,0.0527315,0.918423,-35.5858,41.9725,-154.501,0.0145258,0,1685629191,934151809
1,NDI-MF2 s/n:3BAA9000,5654,Port:10,0,Enabled,0.353754,-0.169313,0.053813,0.918311,-35.3099,42.1245,-154.336,0.0351679,0,1685629191,959079300
1,NDI-MF2 s/n:3BAA9000,5662,Port:10,0,Enabled,0.353615,-0.169753,0.0545472,0.91824,-35.2609,42.2979,-154.308,0.0247366,0,1685629191,984073717
1,NDI-MF2 s/n:3BAA9000,5670,Port:10,0,Enabled,0.353532,-0.169737,0.0554799,0.918219,-35.1821,42.4868,-154.444,0.018128,0,1685629192,9107167
1,NDI-MF2 s/n:3BAA9000,5678,Port:10,0,Enabled,0.35424,-0.168285,0.0582092,0.918045,-34.9703,42.6589,-154.235,0.032157,0,1685629192,34069421
1,NDI-MF2 s/n:3BAA9000,5686,Port:10,0,Enabled,0.354277,-0.167974,0.059718,0.917991,-34.8964,42.8796,-153.89,0.0434645,0,1685629192,59090867
1,NDI-MF2 s/n:3BAA9000,5694,Port:10,0,Enabled,0.353729,-0.169042,0.0592982,0.918033,-34.852,43.222,-153.892,0.0245158,0,1685629192,84059126
1,NDI-MF2 s/n:3BAA9000,5702,Port:10,0,Enabled,0.353868,-0.168805,0.0610487,0.917908,-34.8847,43.4867,-153.948,0.0158718,0,1685629192,109128284
1,NDI-MF2 s/n:3BAA9000,5710,Port:10,0,Enabled,0.353866,-0.167302,0.0630131,0.918051,-34.8238,43.5672,-153.71,0.0135069,0,1685629192,134021525
1,NDI-MF2 s/n:3BAA9000,5718,Port:10,0,Enabled,0.353795,-0.166575,0.0636072,0.91817,-34.4585,43.7275,-153.496,0.0204942,0,1685629192,159056126
1,NDI-MF2 s/n:3BAA9000,5726,Port:10,0,Enabled,0.353964,-0.167138,0.0638119,0.917989,-34.2507,43.839,-153.447,0.0272761,0,1685629192,184031960
1,NDI-MF2 s/n:3BAA9000,5734,Port:10,0,Enabled,0.353918,-0.168262,0.0640798,0.917782,-34.1333,44.1033,-153.763,0.0229091,0,1685629192,209081533
1,NDI-MF2 s/n:3BAA9000,5742,Port:10,0,Enabled,0.354718,-0.166743,0.0672652,0.917523,-34.0201,44.252,-153.79,0.0218572,0,1685629192,234033697
1,NDI-MF2 s/n:3BAA9000,5750,Port:10,0,Enabled,0.355018,-0.165358,0.0699584,0.917456,-33.9103,44.3183,-153.496,0.0403293,0,1685629192,259039281
1,NDI-MF2 s/n:3BAA9000,5758,Port:10,0,Enabled,0.354689,-0.165787,0.0697532,0.917521,-33.6506,44.5222,-153.361,0.0310506,0,1685629192,284033247
1,NDI-MF2 s/n:3BAA9000,5766,Port:10,0,Enabled,0.354633,-0.166548,0.0701145,0.917378,-33.565,44.7328,-153.563,0.0205848,0,1685629192,309129255
1,NDI-MF2 s/n:3BAA9000,5774,Port:10,0,Enabled,0.354843,-0.165519,0.0716867,0.917361,-33.447,44.9948,-153.633,0.0169505,0,1685629192,334026232
1,NDI-MF2 s/n:3BAA9000,5782,Port:10,0,Enabled,0.355286,-0.164069,0.0739531,0.91727,-33.2566,45.1544,-153.364,0.0314742,0,1685629192,359128640
1,NDI-MF2 s/n:3BAA9000,5790,Port:10,0,Enabled,0.354997,-0.1641,0.0748795,0.917301,-33.1567,45.4109,-153.149,0.0324334,0,1685629192,384009505
1,NDI-MF2 s/n:3BAA9000,5798,Port:10,0,Enabled,0.354792,-0.164445,0.0753462,0.917281,-33.1045,45.5531,-153.21,0.0194466,0,1685629192,408998349
1,NDI-MF2 s/n:3BAA9000,5806,Port:10,0,Enabled,0.355234,-0.163444,0.0774743,0.917111,-32.9223,45.5263,-153.147,0.0243236,0,1685629192,433983451
1,NDI-MF2 s/n:3BAA9000,5814,Port:10,0,Enabled,0.355434,-0.161202,0.0803136,0.917186,-32.7094,45.5868,-152.549,0.047923,0,1685629192,459021684
1,NDI-MF2 s/n:3BAA9000,5822,Port:10,0,Enabled,0.354948,-0.162005,0.0801833,0.917244,-32.5819,45.7497,-152.351,0.0348165,0,1685629192,484016476
1,NDI-MF2 s/n:3BAA9000,5830,Port:10,0,Enabled,0.354621,-0.16288,0.0802684,0.917208,-32.4782,46.0258,-152.609,0.0196388,0,1685629192,509114216
1,NDI-MF2 s/n:3BAA9000,5838,Port:10,0,Enabled,0.354366,-0.161835,0.0816139,0.917373,-32.3869,46.202,-152.643,0.0200081,0,1685629192,534018079
1,NDI-MF2 s/n:3BAA9000,5846,Port:10,0,Enabled,0.354799,-0.160621,0.083178,0.917279,-32.1378,46.3117,-152.476,0.018823,0,1685629192,559031025
1,NDI-MF2 s/n:3BAA9000,5854,Port:10,0,Enabled,0.354748,-0.160687,0.0839377,0.917218,-31.9802,46.5141,-152.248,0.0231326,0,1685629192,583943564
1,NDI-MF2 s/n:3BAA9000,5862,Port:10,0,Enabled,0.354724,-0.161407,0.0843944,0.917059,-31.8714,46.7501,-152.45,0.0186578,0,1685629192,608970620
1,NDI-MF2 s/n:3BAA9000,5870,Port:10,0,Enabled,0.355269,-0.159502,0.0874756,0.916892,-31.7028,47.0009,-152.301,0.0257564,0,1685629192,633939589
1,NDI-MF2 s/n:3BAA9000,5878,Port:10,0,Enabled,0.354926,-0.158923,0.0885798,0.91702,-31.5686,47.2427,-152.059,0.029882,0,1685629192,658964237
1,NDI-MF2 s/n:3BAA9000,5886,Port:10,0,Enabled,0.355123,-0.159568,0.0888259,0.916807,-31.3465,47.3021,-152.16,0.0223998,0,1685629192,683957635
1,NDI-MF2 s/n:3BAA9000,5894,Port:10,0,Enabled,0.355178,-0.158453,0.0905192,0.916814,-31.198,47.3324,-152.136,0.0153139,0,1685629192,708960108
1,NDI-MF2 s/n:3BAA9000,5902,Port:10,0,Enabled,0.355057,-0.156741,0.092235,0.916984,-31.0188,47.4304,-151.896,0.0183179,0,1685629192,733950824
1,NDI-MF2 s/n:3BAA9000,5910,Port:10,0,Enabled,0.355282,-0.156115,0.0936952,0.916856,-30.8419,47.6491,-151.656,0.0417565,0,1685629192,758929144
1,NDI-MF2 s/n:3BAA9000,5918,Port:10,0,Enabled,0.354733,-0.15708,0.0936667,0.916906,-30.7817,47.8759,-151.72,0.0217247,0,1685629192,783906440
1,NDI-MF2 s/n:3BAA9000,5926,Port:10,0,Enabled,0.354415,-0.157207,0.0938646,0.916988,-30.61,48.0625,-151.922,0.0240663,0,1685629192,808923732
1,NDI-MF2 s/n:3BAA9000,5934,Port:10,0,Enabled,0.354894,-0.154249,0.097072,0.916971,-30.3846,48.1281,-151.514,0.0231343,0,1685629192,833918711
1,NDI-MF2 s/n:3BAA9000,5942,Port:10,0,Enabled,0.354945,-0.152713,0.0993649,0.916962,-30.2386,48.1501,-151.071,0.0452353,0,1685629192,858916409
1,NDI-MF2 s/n:3BAA9000,5950,Port:10,0,Enabled,0.354289,-0.15428,0.0984955,0.917048,-30.0089,48.3782,-151.06,0.0313607,0,1685629192,883896748
1,NDI-MF2 s/n:3BAA9000,5958,Port:10,0,Enabled,0.354178,-0.155178,0.0983338,0.916956,-29.8257,48.7214,-151.457,0.026707,0,1685629192,908864382
1,NDI-MF2 s/n:3BAA9000,5966,Port:10,0,Enabled,0.354269,-0.153711,0.099878,0.917002,-29.6851,48.9044,-151.521,0.0243653,0,1685629192,933861362
1,NDI-MF2 s/n:3BAA9000,5974,Port:10,0,Enabled,0.354923,-0.151372,0.102786,0.916816,-29.4762,48.8979,-151.168,0.0284368,0,1685629192,958870078
1,NDI-MF2 s/n:3BAA9000,5982,Port:10,0,Enabled,0.354425,-0.15149,0.103199,0.916943,-29.3185,49.0706,-151.046,0.0239935,0,1685629192,983896156
1,NDI-MF2 s/n:3BAA9000,5990,Port:10,0,Enabled,0.354009,-0.151723,0.103323,0.917051,-29.2043,49.3482,-151.155,0.0172134,0,1685629193,8918998
1,NDI-MF2 s/n:3BAA9000,5998,Port:10,0,Enabled,0.354193,-0.149071,0.106157,0.917091,-29.0984,49.4917,-150.793,0.0277826,0,1685629193,33912891
1,NDI-MF2 s/n:3BAA9000,6006,Port:10,0,Enabled,0.354032,-0.147496,0.107977,0.917196,-28.9748,49.5538,-150.311,0.0431082,0,1685629193,58859088
1,NDI-MF2 s/n:3BAA9000,6014,Port:10,0,Enabled,0.353682,-0.148752,0.107568,0.917176,-28.6886,49.6259,-150.281,0.0300256,0,1685629193,83868289
1,NDI-MF2 s/n:3BAA9000,6022,Port:10,0,Enabled,0.353362,-0.149012,0.107446,0.917271,-28.5334,49.8513,-150.512,0.0236543,0,1685629193,108851984
1,NDI-MF2 s/n:3BAA9000,6030,Port:10,0,Enabled,0.353172,-0.147607,0.108615,0.917434,-28.389,50.0182,-150.62,0.0240067,0,1685629193,133939319
1,NDI-MF2 s/n:3BAA9000,6038,Port:10,0,Enabled,0.353477,-0.145346,0.111232,0.917364,-28.1365,50.1388,-150.272,0.0257728,0,1685629193,158930160
1,NDI-MF2 s/n:3BAA9000,6046,Port:10,0,Enabled,0.353144,-0.145681,0.111434,0.917414,-27.9249,50.2564,-150.191,0.022349,0,1685629193,183844925
1,NDI-MF2 s/n:3BAA9000,6054,Port:10,0,Enabled,0.352921,-0.146134,0.11165,0.917402,-27.6959,50.3358,-150.369,0.0200191,0,1685629193,208814818
1,NDI-MF2 s/n:3BAA9000,6062,Port:10,0,Enabled,0.35307,-0.143489,0.114114,0.917459,-27.5505,50.4376,-150.073,0.0178716,0,1685629193,233826214
1,NDI-MF2 s/n:3BAA9000,6070,Port:10,0,Enabled,0.352651,-0.14219,0.115219,0.917684,-27.4218,50.6101,-149.785,0.0234847,0,1685629193,258804138
1,NDI-MF2 s/n:3BAA9000,6078,Port:10,0,Enabled,0.352751,-0.142918,0.115737,0.917467,-27.1906,50.7177,-149.771,0.0250278,0,1685629193,283816897
1,NDI-MF2 s/n:3BAA9000,6086,Port:10,0,Enabled,0.352787,-0.142591,0.116308,0.917432,-26.9768,50.8722,-149.848,0.0159971,0,1685629193,308819922
1,NDI-MF2 s/n:3BAA9000,6094,Port:10,0,Enabled,0.352617,-0.141016,0.117341,0.91761,-26.8059,50.9985,-149.726,0.0168976,0,1685629193,332928451
1,NDI-MF2 s/n:3BAA9000,6102,Port:10,0,Enabled,0.352647,-0.138928,0.11966,0.917617,-26.7001,51.062,-149.253,0.0275038,0,1685629193,358894679
1,NDI-MF2 s/n:3BAA9000,6110,Port:10,0,Enabled,0.352617,-0.138543,0.120869,0.917528,-26.5715,51.1812,-149.001,0.037886,0,1685629193,382940726
1,NDI-MF2 s/n:3BAA9000,6118,Port:10,0,Enabled,0.352158,-0.139118,0.120819,0.917624,-26.3102,51.3735,-149.051,0.0214693,0,1685629193,407797480
1,NDI-MF2 s/n:3BAA9000,6126,Port:10,0,Enabled,0.35193,-0.137539,0.122093,0.917781,-26.2098,51.4243,-148.888,0.0184701,0,1685629193,432875457
1,NDI-MF2 s/n:3BAA9000,6134,Port:10,0,Enabled,0.351374,-0.136542,0.122983,0.918024,-25.9687,51.5786,-148.741,0.0199251,0,1685629193,457819207
1,NDI-MF2 s/n:3BAA9000,6142,Port:10,0,Enabled,0.351359,-0.136606,0.123695,0.917925,-25.7894,51.7051,-148.653,0.0204891,0,1685629193,482811546
1,NDI-MF2 s/n:3BAA9000,6150,Port:10,0,Enabled,0.351137,-0.136325,0.124043,0.918004,-25.6328,51.9133,-148.789,0.0213887,0,1685629193,507811707
1,NDI-MF2 s/n:3BAA9000,6158,Port:10,0,Enabled,0.350822,-0.134362,0.124995,0.918285,-25.3749,52.1156,-148.713,0.0265169,0,1685629193,532886781
1,NDI-MF2 s/n:3BAA9000,6166,Port:10,0,Enabled,0.350972,-0.132012,0.127421,0.918235,-25.1551,52.0639,-148.271,0.0241499,0,1685629193,557941315
1,NDI-MF2 s/n:3BAA9000,6174,Port:10,0,Enabled,0.350554,-0.132772,0.127254,0.918308,-24.9178,52.1085,-148.302,0.0191569,0,1685629193,582916345
1,NDI-MF2 s/n:3BAA9000,6182,Port:10,0,Enabled,0.350349,-0.133347,0.127058,0.91833,-24.6875,52.1871,-148.519,0.0212628,0,1685629193,607766151
1,NDI-MF2 s/n:3BAA9000,6190,Port:10,0,Enabled,0.350434,-0.129926,0.129405,0.91846,-24.5051,52.3027,-148.215,0.0141041,0,1685629193,632772553
1,NDI-MF2 s/n:3BAA9000,6198,Port:10,0,Enabled,0.350011,-0.127203,0.131489,0.918707,-24.4087,52.2415,-147.702,0.0231983,0,1685629193,657751266
1,NDI-MF2 s/n:3BAA9000,6206,Port:10,0,Enabled,0.349888,-0.128175,0.131941,0.918553,-24.0553,52.2045,-147.635,0.0231663,0,1685629193,682786513
1,NDI-MF2 s/n:3BAA9000,6214,Port:10,0,Enabled,0.349726,-0.128923,0.131431,0.918585,-23.7836,52.4047,-147.83,0.0229839,0,1685629193,707797706
1,NDI-MF2 s/n:3BAA9000,6222,Port:10,0,Enabled,0.349444,-0.127899,0.131886,0.918769,-23.6753,52.516,-147.9,0.0347552,0,1685629193,732857062
1,NDI-MF2 s/n:3BAA9000,6230,Port:10,0,Enabled,0.34909,-0.125423,0.133496,0.919013,-23.4457,52.753,-147.624,0.0293118,0,1685629193,757848492
1,NDI-MF2 s/n:3BAA9000,6238,Port:10,0,Enabled,0.348905,-0.124118,0.135408,0.91898,-23.2632,52.8087,-147.221,0.0179167,0,1685629193,782757973
1,NDI-MF2 s/n:3BAA9000,6246,Port:10,0,Enabled,0.349016,-0.124679,0.135969,0.918779,-22.9575,52.896,-147.277,0.0171819,0,1685629193,807756029
1,NDI-MF2 s/n:3BAA9000,6254,Port:10,0,Enabled,0.348978,-0.122948,0.137328,0.918825,-22.8163,53.0924,-147.155,0.0173192,0,1685629193,832749086
1,NDI-MF2 s/n:3BAA9000,6262,Port:10,0,Enabled,0.348469,-0.12215,0.138053,0.919016,-22.6411,53.2356,-146.98,0.018381,0,1685629193,857753202
1,NDI-MF2 s/n:3BAA9000,6270,Port:10,0,Enabled,0.348435,-0.122669,0.138358,0.918914,-22.3726,53.2243,-147.026,0.0158557,0,1685629193,882703807
1,NDI-MF2 s/n:3BAA9000,6278,Port:10,0,Enabled,0.34812,-0.12217,0.138107,0.919138,-22.0631,53.3398,-147.16,0.0261402,0,1685629193,907704045
1,NDI-MF2 s/n:3BAA9000,6286,Port:10,0,Enabled,0.347462,-0.119496,0.138843,0.919627,-21.8649,53.3879,-147.037,0.038275,0,1685629193,932732511
1,NDI-MF2 s/n:3BAA9000,6294,Port:10,0,Enabled,0.346845,-0.116587,0.14094,0.919914,-21.7776,53.4491,-146.554,0.0224587,0,1685629193,957764279
1,NDI-MF2 s/n:3BAA9000,6302,Port:10,0,Enabled,0.346389,-0.115797,0.142352,0.919969,-21.7233,53.4796,-146.113,0.0211108,0,1685629193,982822650
1,NDI-MF2 s/n:3BAA9000,6310,Port:10,0,Enabled,0.346381,-0.118437,0.141509,0.919766,-21.3775,53.5298,-146.437,0.0185291,0,1685629194,7716494
1,NDI-MF2 s/n:3BAA9000,6318,Port:10,0,Enabled,0.346661,-0.118268,0.14159,0.919669,-20.9001,53.7957,-146.731,0.0222924,0,1685629194,32690309
1,NDI-MF2 s/n:3BAA9000,6326,Port:10,0,Enabled,0.3467,-0.114764,0.143774,0.91976,-20.7251,54.0161,-146.451,0.010435,0,1685629194,57700609
1,NDI-MF2 s/n:3BAA9000,6334,Port:10,0,Enabled,0.346617,-0.113201,0.14592,0.919647,-20.7073,53.9339,-146.055,0.0314907,0,1685629194,82719330
1,NDI-MF2 s/n:3BAA9000,6342,Port:10,0,Enabled,0.346433,-0.113375,0.146156,0.919657,-20.4366,54.0114,-146.029,0.0244486,0,1685629194,107687530
1,NDI-MF2 s/n:3BAA9000,6350,Port:10,0,Enabled,0.345875,-0.112752,0.145586,0.920034,-20.033,54.2602,-146.185,0.0212678,0,1685629194,132665472
1,NDI-MF2 s/n:3BAA9000,6358,Port:10,0,Enabled,0.345507,-0.108625,0.148333,0.92023,-19.9966,54.1781,-145.592,0.0203429,0,1685629194,157662135
1,NDI-MF2 s/n:3BAA9000,6366,Port:10,0,Enabled,0.344651,-0.108393,0.148702,0.920519,-19.7738,54.1048,-145.296,0.0211245,0,1685629194,182622540
1,NDI-MF2 s/n:3BAA9000,6374,Port:10,0,Enabled,0.343912,-0.110032,0.147699,0.920762,-19.4931,54.1539,-145.441,0.0253923,0,1685629194,207679931
1,NDI-MF2 s/n:3BAA9000,6382,Port:10,0,Enabled,0.343388,-0.107409,0.148739,0.9211,-19.3711,54.2744,-145.266,0.0271135,0,1685629194,232727964
1,NDI-MF2 s/n:3BAA9000,6390,Port:10,0,Enabled,0.342944,-0.105183,0.150195,0.921286,-19.1506,54.3325,-145.025,0.0220405,0,1685629194,257647554
1,NDI-MF2 s/n:3BAA9000,6398,Port:10,0,Enabled,0.343143,-0.105253,0.151868,0.920929,-18.8834,54.2,-144.874,0.0211979,0,1685629194,282635439
1,NDI-MF2 s/n:3BAA9000,6406,Port:10,0,Enabled,0.342858,-0.106074,0.150481,0.92117,-18.459,54.3792,-145.094,0.0261725,0,1685629194,307656414
1,NDI-MF2 s/n:3BAA9000,6414,Port:10,0,Enabled,0.34194,-0.104369,0.150024,0.92178,-18.2861,54.5347,-145.072,0.052378,0,1685629194,332657570
1,NDI-MF2 s/n:3BAA9000,6422,Port:10,0,Enabled,0.341234,-0.100225,0.152352,0.922119,-18.3429,54.5315,-144.518,0.029421,0,1685629194,357632781
1,NDI-MF2 s/n:3BAA9000,6430,Port:10,0,Enabled,0.340762,-0.0990525,0.154328,0.922092,-18.173,54.4486,-144.112,0.0193097,0,1685629194,382643407
1,NDI-MF2 s/n:3BAA9000,6438,Port:10,0,Enabled,0.341082,-0.101121,0.154273,0.921758,-17.725,54.3744,-144.304,0.0120079,0,1685629194,407611356
1,NDI-MF2 s/n:3BAA9000,6446,Port:10,0,Enabled,0.340931,-0.0989688,0.154366,0.922032,-17.4217,54.6141,-144.245,0.0214392,0,1685629194,432600531
1,NDI-MF2 s/n:3BAA9000,6454,Port:10,0,Enabled,0.340264,-0.0969313,0.155721,0.922267,-17.3622,54.6606,-143.894,0.0189321,0,1685629194,457627146
1,NDI-MF2 s/n:3BAA9000,6462,Port:10,0,Enabled,0.34017,-0.0967931,0.157087,0.922085,-17.1873,54.6572,-143.662,0.0192396,0,1685629194,482573487
1,NDI-MF2 s/n:3BAA9000,6470,Port:10,0,Enabled,0.339987,-0.096883,0.156442,0.922252,-16.8227,54.7482,-143.733,0.0139415,0,1685629194,507565144
1,NDI-MF2 s/n:3BAA9000,6478,Port:10,0,Enabled,0.339128,-0.0953481,0.155747,0.922845,-16.4502,54.8806,-143.754,0.0434143,0,1685629194,532633229
1,NDI-MF2 s/n:3BAA9000,6486,Port:10,0,Enabled,0.338147,-0.0912987,0.158091,0.923216,-16.4316,54.8865,-143.238,0.0288869,0,1685629194,557604330
1,NDI-MF2 s/n:3BAA9000,6494,Port:10,0,Enabled,0.337622,-0.0909019,0.159313,0.923238,-16.3893,54.8151,-142.963,0.0190708,0,1685629194,582605836
1,NDI-MF2 s/n:3BAA9000,6502,Port:10,0,Enabled,0.337507,-0.0926251,0.159105,0.923144,-15.981,54.8666,-143.107,0.013143,0,1685629194,607593435
1,NDI-MF2 s/n:3BAA9000,6510,Port:10,0,Enabled,0.336897,-0.089805,0.159279,0.923615,-15.7531,55.1441,-142.967,0.0256968,0,1685629194,632551431
1,NDI-MF2 s/n:3BAA9000,6518,Port:10,0,Enabled,0.335954,-0.0870757,0.160493,0.924011,-15.6249,55.1524,-142.608,0.0269386,0,1685629194,657556574
1,NDI-MF2 s/n:3BAA9000,6526,Port:10,0,Enabled,0.335692,-0.0869611,0.162205,0.923817,-15.3949,55.0131,-142.404,0.0201693,0,1685629194,682530102
1,NDI-MF2 s/n:3BAA9000,6534,Port:10,0,Enabled,0.335236,-0.087738,0.160751,0.924163,-15.0013,55.1735,-142.565,0.0228634,0,1685629194,707523027
1,NDI-MF2 s/n:3BAA9000,6542,Port:10,0,Enabled,0.334313,-0.0862228,0.159967,0.924776,-14.7177,55.3037,-142.559,0.0445535,0,1685629194,732537811
1,NDI-MF2 s/n:3BAA9000,6550,Port:10,0,Enabled,0.333369,-0.0815852,0.162865,0.925032,-14.7613,55.2262,-142.017,0.0245085,0,1685629194,757548639
1,NDI-MF2 s/n:3BAA9000,6558,Port:10,0,Enabled,0.333079,-0.0812415,0.164023,0.924962,-14.5028,55.0774,-141.799,0.0212204,0,1685629194,782603144
1,NDI-MF2 s/n:3BAA9000,6566,Port:10,0,Enabled,0.333091,-0.083207,0.163437,0.924887,-14.0127,55.0384,-141.953,0.01196,0,1685629194,807503734
1,NDI-MF2 s/n:3BAA9000,6574,Port:10,0,Enabled,0.33208,-0.0806638,0.162737,0.925599,-13.8307,55.2791,-141.823,0.0322975,0,1685629194,832500013
1,NDI-MF2 s/n:3BAA9000,6582,Port:10,0,Enabled,0.331029,-0.0778957,0.163882,0.92601,-13.8121,55.2707,-141.458,0.0331395,0,1685629194,857496579
1,NDI-MF2 s/n:3BAA9000,6590,Port:10,0,Enabled,0.330897,-0.0774768,0.165942,0.925726,-13.5562,55.0488,-141.199,0.0199169,0,1685629194,882493972
1,NDI-MF2 s/n:3BAA9000,6598,Port:10,0,Enabled,0.330882,-0.0781078,0.164839,0.925875,-12.9881,55.1541,-141.389,0.0156654,0,1685629194,907572812
1,NDI-MF2 s/n:3BAA9000,6606,Port:10,0,Enabled,0.330094,-0.0767603,0.163959,0.926425,-12.7235,55.347,-141.36,0.0366569,0,1685629194,932467031
1,NDI-MF2 s/n:3BAA9000,6614,Port:10,0,Enabled,0.328685,-0.0725846,0.166269,0.926851,-12.9296,55.3613,-140.811,0.0291922,0,1685629194,957472661
1,NDI-MF2 s/n:3BAA9000,6622,Port:10,0,Enabled,0.328029,-0.0721064,0.16735,0.926926,-12.7706,55.3082,-140.591,0.0212856,0,1685629194,982449622
1,NDI-MF2 s/n:3BAA9000,6630,Port:10,0,Enabled,0.327954,-0.0736557,0.166895,0.926913,-12.3135,55.3131,-140.656,0.015385,0,1685629195,6637140
1,NDI-MF2 s/n:3BAA9000,6638,Port:10,0,Enabled,0.326946,-0.0704853,0.166434,0.927598,-12.0418,55.5471,-140.508,0.0287673,0,1685629195,31543390
1,NDI-MF2 s/n:3BAA9000,6646,Port:10,0,Enabled,0.325185,-0.0660319,0.167442,0.928363,-12.1912,55.4859,-139.956,0.0409065,0,1685629195,56546294
1,NDI-MF2 s/n:3BAA9000,6654,Port:10,0,Enabled,0.324114,-0.0650698,0.168702,0.928577,-12.0106,55.3057,-139.6,0.0369972,0,1685629195,81521520
1,NDI-MF2 s/n:3BAA9000,6662,Port:10,0,Enabled,0.323843,-0.0660143,0.168342,0.928671,-11.6472,55.2412,-139.608,0.0306967,0,1685629195,106568066
1,NDI-MF2 s/n:3BAA9000,6670,Port:10,0,Enabled,0.323603,-0.0665031,0.167291,0.928909,-11.1311,55.3724,-139.824,0.0361605,0,1685629195,131587302
1,NDI-MF2 s/n:3BAA9000,6678,Port:10,0,Enabled,0.322534,-0.0627164,0.168815,0.929268,-11.099,55.4584,-139.551,0.0298004,0,1685629195,156575987
1,NDI-MF2 s/n:3BAA9000,6686,Port:10,0,Enabled,0.32216,-0.0613167,0.170931,0.929105,-11.0025,55.2563,-139.31,0.0260411,0,1685629195,181710116
1,NDI-MF2 s/n:3BAA9000,6694,Port:10,0,Enabled,0.322356,-0.0631497,0.170486,0.928996,-10.3083,55.2334,-139.414,0.019265,0,1685629195,206584572
1,NDI-MF2 s/n:3BAA9000,6702,Port:10,0,Enabled,0.321243,-0.0612168,0.168987,0.929785,-10.2018,55.5033,-139.289,0.0214162,0,1685629195,231490684
1,NDI-MF2 s/n:3BAA9000,6710,Port:10,0,Enabled,0.319785,-0.0584725,0.168824,0.930493,-10.0542,55.6241,-139.001,0.0389083,0,1685629195,256473957
1,NDI-MF2 s/n:3BAA9000,6718,Port:10,0,Enabled,0.319033,-0.0569685,0.171222,0.930406,-9.99711,55.3734,-138.627,0.020285,0,1685629195,281564045
1,NDI-MF2 s/n:3BAA9000,6726,Port:10,0,Enabled,0.319442,-0.0580973,0.171985,0.930055,-9.45035,55.2874,-138.669,0.0262012,0,1685629195,306522367
1,NDI-MF2 s/n:3BAA9000,6734,Port:10,0,Enabled,0.318954,-0.0575981,0.170233,0.930576,-8.95949,55.5935,-138.76,0.0131353,0,1685629195,331497884
1,NDI-MF2 s/n:3BAA9000,6742,Port:10,0,Enabled,0.316157,-0.054206,0.168109,0.932119,-9.52149,55.0437,-138.076,0.0704182,0,1685629195,356492384
1,NDI-MF2 s/n:3BAA9000,6750,Port:10,0,Enabled,0.312005,-0.0525752,0.166071,0.933975,-9.2192,54.5551,-137.542,0.129973,0,1685629195,381483469
1,NDI-MF2 s/n:3BAA9000,6758,Port:10,0,Enabled,0.313802,-0.0502679,0.170886,0.93263,-8.76312,54.5505,-137.824,0.0218438,0,1685629195,406455652
1,NDI-MF2 s/n:3BAA9000,6766,Port:10,0,Enabled,0.312199,-0.0473105,0.170198,0.933449,-8.76861,54.9957,-137.448,0.0507121,0,1685629195,431464307
1,NDI-MF2 s/n:3BAA9000,6774,Port:10,0,Enabled,0.310928,-0.0448577,0.171656,0.933727,-8.57456,54.8502,-137.02,0.0386221,0,1685629195,456466680
1,NDI-MF2 s/n:3BAA9000,6782,Port:10,0,Enabled,0.311434,-0.0467243,0.173431,0.933139,-8.24182,54.7019,-136.9,0.0205438,0,1685629195,481458094
1,NDI-MF2 s/n:3BAA9000,6790,Port:10,0,Enabled,0.311652,-0.0483727,0.172831,0.933093,-7.59837,54.6719,-136.941,0.0263996,0,1685629195,506464586
1,NDI-MF2 s/n:3BAA9000,6798,Port:10,0,Enabled,0.310494,-0.0466127,0.170092,0.934072,-7.12046,55.1152,-137.173,0.0359138,0,1685629195,531437786
1,NDI-MF2 s/n:3BAA9000,6806,Port:10,0,Enabled,0.308434,-0.0418244,0.171289,0.934762,-7.39829,55.1744,-136.842,0.0416028,0,1685629195,556426603
1,NDI-MF2 s/n:3BAA9000,6814,Port:10,0,Enabled,0.307247,-0.0398462,0.173894,0.934758,-7.40824,54.7687,-136.384,0.0284518,0,1685629195,581413386
1,NDI-MF2 s/n:3BAA9000,6822,Port:10,0,Enabled,0.307721,-0.0418088,0.173957,0.934505,-6.70434,54.6871,-136.436,0.017346,0,1685629195,606402372
1,NDI-MF2 s/n:3BAA9000,6830,Port:10,0,Enabled,0.306178,-0.0392538,0.173115,0.935278,-6.53268,54.8057,-136.309,0.0224593,0,1685629195,631403646
1,NDI-MF2 s/n:3BAA9000,6838,Port:10,0,Enabled,0.304551,-0.0369454,0.173988,0.935741,-6.53262,54.6693,-135.977,0.0237887,0,1685629195,656378855
1,NDI-MF2 s/n:3BAA9000,6846,Port:10,0,Enabled,0.304155,-0.0378176,0.175099,0.935628,-6.31174,54.3612,-135.658,0.0230174,0,1685629195,681392143
1,NDI-MF2 s/n:3BAA9000,6854,Port:10,0,Enabled,0.303501,-0.0378393,0.172499,0.936322,-5.68099,54.5459,-135.781,0.0307511,0,1685629195,706392033
1,NDI-MF2 s/n:3BAA9000,6862,Port:10,0,Enabled,0.30213,-0.0348522,0.171549,0.937056,-5.35978,54.7172,-135.807,0.0384448,0,1685629195,731375443
1,NDI-MF2 s/n:3BAA9000,6870,Port:10,0,Enabled,0.299611,-0.0301169,0.174472,0.937489,-6.02201,54.3507,-135.171,0.0419231,0,1685629195,756408088
1,NDI-MF2 s/n:3BAA9000,6878,Port:10,0,Enabled,0.298402,-0.0292586,0.176397,0.937542,-6.01382,54.033,-134.783,0.0357527,0,1685629195,781383875
1,NDI-MF2 s/n:3BAA9000,6886,Port:10,0,Enabled,0.298508,-0.0310558,0.175988,0.937527,-5.25283,54.0209,-134.72,0.02864,0,1685629195,806337341
1,NDI-MF2 s/n:3BAA9000,6894,Port:10,0,Enabled,0.297252,-0.029376,0.173777,0.938392,-4.9326,54.4271,-134.74,0.0276445,0,1685629195,831366107
1,NDI-MF2 s/n:3BAA9000,6902,Port:10,0,Enabled,0.295822,-0.0269554,0.173811,0.93891,-4.60451,54.4688,-134.644,0.0242912,0,1685629195,856363056
1,NDI-MF2 s/n:3BAA9000,6910,Port:10,0,Enabled,0.294927,-0.0263623,0.175725,0.938852,-4.57638,54.2049,-134.271,0.0250273,0,1685629195,881307585
1,NDI-MF2 s/n:3BAA9000,6918,Port:10,0,Enabled,0.295018,-0.0279005,0.175517,0.938818,-3.8941,53.9628,-134.093,0.0338234,0,1685629195,906322069
1,NDI-MF2 s/n:3BAA9000,6926,Port:10,0,Enabled,0.29303,-0.0258258,0.172574,0.940045,-3.64614,54.1457,-134.037,0.0409031,0,1685629195,931322047
1,NDI-MF2 s/n:3BAA9000,6934,Port:10,0,Enabled,0.290216,-0.0212296,0.173117,0.940933,-4.08956,54.1365,-133.659,0.0493758,0,1685629195,956303357
1,NDI-MF2 s/n:3BAA9000,6942,Port:10,0,Enabled,0.289054,-0.0194756,0.173966,0.941172,-3.84373,53.9794,-133.442,0.0378238,0,1685629195,981309873
1,NDI-MF2 s/n:3BAA9000,6950,Port:10,0,Enabled,0.289673,-0.0212911,0.174079,0.940921,-3.15791,54.0334,-133.497,0.0245222,0,1685629196,6326874
1,NDI-MF2 s/n:3BAA9000,6958,Port:10,0,Enabled,0.288445,-0.0198532,0.172218,0.941672,-2.80545,54.305,-133.451,0.0292435,0,1685629196,31314891
1,NDI-MF2 s/n:3BAA9000,6966,Port:10,0,Enabled,0.285957,-0.0156985,0.172563,0.942446,-2.89984,54.1846,-133.138,0.0341115,0,1685629196,56321354
1,NDI-MF2 s/n:3BAA9000,6974,Port:10,0,Enabled,0.284956,-0.0145712,0.174641,0.942385,-2.8256,53.7617,-132.824,0.0254743,0,1685629196,81324939
1,NDI-MF2 s/n:3BAA9000,6982,Port:10,0,Enabled,0.28464,-0.0153092,0.175459,0.942316,-2.52702,53.4514,-132.464,0.0338229,0,1685629196,106298736
1,NDI-MF2 s/n:3BAA9000,6990,Port:10,0,Enabled,0.283622,-0.0150965,0.172696,0.943137,-2.0543,53.7141,-132.477,0.0349221,0,1685629196,131292230
1,NDI-MF2 s/n:3BAA9000,6998,Port:10,0,Enabled,0.281215,-0.0111838,0.172487,0.94395,-2.20591,53.7368,-132.203,0.0382855,0,1685629196,156260713
1,NDI-MF2 s/n:3BAA9000,7006,Port:10,0,Enabled,0.279148,-0.00778335,0.173451,0.944421,-2.31656,53.5518,-131.928,0.0435551,0,1685629196,181333861
1,NDI-MF2 s/n:3BAA9000,7014,Port:10,0,Enabled,0.278689,-0.00786841,0.173669,0.944515,-1.8451,53.395,-131.654,0.0354935,0,1685629196,206344653
1,NDI-MF2 s/n:3BAA9000,7022,Port:10,0,Enabled,0.277555,-0.00698002,0.171911,0.945178,-1.50582,53.6565,-131.586,0.0345494,0,1685629196,231273082
1,NDI-MF2 s/n:3BAA9000,7030,Port:10,0,Enabled,0.275442,-0.00403034,0.171052,0.945969,-1.54749,53.8976,-131.514,0.0436705,0,1685629196,256241401
1,NDI-MF2 s/n:3BAA9000,7038,Port:10,0,Enabled,0.274661,-0.00310227,0.173469,0.945759,-1.30322,53.5538,-131.28,0.0282984,0,1685629196,281248338
1,NDI-MF2 s/n:3BAA9000,7046,Port:10,0,Enabled,0.274357,-0.00396666,0.172299,0.946058,-0.634776,53.5305,-131.256,0.0223737,0,1685629196,306224290
1,NDI-MF2 s/n:3BAA9000,7054,Port:10,0,Enabled,0.273829,-0.00411505,0.170609,0.946516,0.0439277,53.544,-131.289,0.0133102,0,1685629196,331242298
1,NDI-MF2 s/n:3BAA9000,7062,Port:10,0,Enabled,0.271349,0.000295011,0.171679,0.947046,-0.55391,53.2954,-130.858,0.0261316,0,1685629196,356272986
1,NDI-MF2 s/n:3BAA9000,7070,Port:10,0,Enabled,0.270672,0.000734507,0.172564,0.947078,-0.160242,53.0123,-130.512,0.0226019,0,1685629196,381229775
1,NDI-MF2 s/n:3BAA9000,7078,Port:10,0,Enabled,0.270933,-0.00122302,0.171839,0.947135,0.693243,52.9402,-130.362,0.0312639,0,1685629196,406230613
1,NDI-MF2 s/n:3BAA9000,7086,Port:10,0,Enabled,0.268475,0.00173788,0.16867,0.948403,0.702841,53.3534,-130.366,0.0244942,0,1685629196,431327039
1,NDI-MF2 s/n:3BAA9000,7094,Port:10,0,Enabled,0.26597,0.00536841,0.16934,0.948976,0.360484,53.2746,-130.135,0.0252576,0,1685629196,456188198
1,NDI-MF2 s/n:3BAA9000,7102,Port:10,0,Enabled,0.265512,0.00596454,0.172522,0.948527,0.425664,52.6787,-129.627,0.0295496,0,1685629196,481216534
1,NDI-MF2 s/n:3BAA9000,7110,Port:10,0,Enabled,0.265041,0.00498718,0.170062,0.949109,1.13834,52.7173,-129.499,0.0269734,0,1685629196,506223735
1,NDI-MF2 s/n:3BAA9000,7118,Port:10,0,Enabled,0.26414,0.0046561,0.166799,0.949941,1.91524,53.0465,-129.53,0.0265016,0,1685629196,531189346
1,NDI-MF2 s/n:3BAA9000,7126,Port:10,0,Enabled,0.2618,0.00824326,0.166592,0.9506,1.7263,53.066,-129.473,0.0200618,0,1685629196,555249187
1,NDI-MF2 s/n:3BAA9000,7134,Port:10,0,Enabled,0.259213,0.0133438,0.169812,0.950681,0.811294,52.685,-128.995,0.0320592,0,1685629196,580236071
1,NDI-MF2 s/n:3BAA9000,7142,Port:10,0,Enabled,0.258437,0.0137931,0.170939,0.950684,1.11743,52.3084,-128.444,0.0340122,0,1685629196,605265414
1,NDI-MF2 s/n:3BAA9000,7150,Port:10,0,Enabled,0.257517,0.0133653,0.168138,0.951439,1.80677,52.5066,-128.371,0.0283228,0,1685629196,630348321
1,NDI-MF2 s/n:3BAA9000,7158,Port:10,0,Enabled,0.255972,0.0144249,0.166605,0.95211,2.20531,52.5552,-128.374,0.0205196,0,1685629196,655348994
1,NDI-MF2 s/n:3BAA9000,7166,Port:10,0,Enabled,0.255098,0.0157357,0.168448,0.951999,2.2674,52.1743,-128.043,0.0229387,0,1685629196,680240755
1,NDI-MF2 s/n:3BAA9000,7174,Port:10,0,Enabled,0.254472,0.01624,0.168245,0.952195,2.69103,51.9115,-127.738,0.0346324,0,1685629196,705221371
1,NDI-MF2 s/n:3BAA9000,7182,Port:10,0,Enabled,0.253067,0.0168768,0.165539,0.953032,3.05781,52.0675,-127.725,0.0295172,0,1685629196,730227764
1,NDI-MF2 s/n:3BAA9000,7190,Port:10,0,Enabled,0.25079,0.020096,0.165286,0.953615,2.70309,52.1074,-127.572,0.0223163,0,1685629196,755209332
1,NDI-MF2 s/n:3BAA9000,7198,Port:10,0,Enabled,0.249306,0.0214972,0.165061,0.954012,2.91221,51.9467,-127.283,0.0220953,0,1685629196,780210740
1,NDI-MF2 s/n:3BAA9000,7206,Port:10,0,Enabled,0.249137,0.020442,0.16521,0.954054,3.49765,51.7483,-126.957,0.0306109,0,1685629196,805223381
1,NDI-MF2 s/n:3BAA9000,7214,Port:10,0,Enabled,0.24806,0.0209166,0.163827,0.954563,3.91793,51.7536,-126.771,0.0282422,0,1685629196,830366285
1,NDI-MF2 s/n:3BAA9000,7222,Port:10,0,Enabled,0.245926,0.0235666,0.163386,0.955128,3.8754,51.7159,-126.733,0.0108518,0,1685629196,855275206
1,NDI-MF2 s/n:3BAA9000,7230,Port:10,0,Enabled,0.244746,0.0258147,0.165185,0.955064,3.80821,51.2632,-126.42,0.0230754,0,1685629196,880237000
1,NDI-MF2 s/n:3BAA9000,7238,Port:10,0,Enabled,0.243751,0.0260249,0.163437,0.955613,4.28294,51.2457,-126.23,0.0243377,0,1685629196,905224427
1,NDI-MF2 s/n:3BAA9000,7246,Port:10,0,Enabled,0.242282,0.0265223,0.161284,0.956339,4.71102,51.4177,-126.184,0.0165599,0,1685629196,930222591
1,NDI-MF2 s/n:3BAA9000,7254,Port:10,0,Enabled,0.240038,0.030554,0.162072,0.956651,4.21967,51.2374,-125.984,0.0124582,0,1685629196,955181284
1,NDI-MF2 s/n:3BAA9000,7262,Port:10,0,Enabled,0.238358,0.0331423,0.162497,0.956913,4.06717,50.9638,-125.713,0.0227889,0,1685629196,980180362
1,NDI-MF2 s/n:3BAA9000,7270,Port:10,0,Enabled,0.238109,0.0322129,0.161682,0.957144,4.69587,50.7142,-125.249,0.0345615,0,1685629197,5210084
1,NDI-MF2 s/n:3BAA9000,7278,Port:10,0,Enabled,0.236255,0.0331214,0.158047,0.958179,5.02504,50.9341,-125.176,0.0291589,0,1685629197,30204909
1,NDI-MF2 s/n:3BAA9000,7286,Port:10,0,Enabled,0.234277,0.0347009,0.157253,0.95874,5.15337,50.9467,-125.173,0.0233329,0,1685629197,55200890
1,NDI-MF2 s/n:3BAA9000,7294,Port:10,0,Enabled,0.233712,0.0359759,0.159985,0.958378,5.20362,50.4651,-124.836,0.0185786,0,1685629197,80175363
1,NDI-MF2 s/n:3BAA9000,7302,Port:10,0,Enabled,0.233033,0.0358272,0.158682,0.958766,5.8196,50.3554,-124.667,0.0201773,0,1685629197,105222078
1,NDI-MF2 s/n:3BAA9000,7310,Port:10,0,Enabled,0.23166,0.0363594,0.156936,0.959366,6.20356,50.4331,-124.594,0.0137581,0,1685629197,130207700
1,NDI-MF2 s/n:3BAA9000,7318,Port:10,0,Enabled,0.229819,0.0394112,0.157445,0.959604,5.87076,50.2015,-124.335,0.0109626,0,1685629197,155247536
1,NDI-MF2 s/n:3BAA9000,7326,Port:10,0,Enabled,0.228469,0.0417329,0.158212,0.959703,5.7009,49.9654,-124.015,0.0216164,0,1685629197,180202030
1,NDI-MF2 s/n:3BAA9000,7334,Port:10,0,Enabled,0.228181,0.0408457,0.157411,0.959941,6.41731,49.7861,-123.573,0.0322159,0,1685629197,205288787
1,NDI-MF2 s/n:3BAA9000,7342,Port:10,0,Enabled,0.226352,0.0416846,0.153901,0.960907,6.64023,49.9658,-123.485,0.0193429,0,1685629197,230089260
1,NDI-MF2 s/n:3BAA9000,7350,Port:10,0,Enabled,0.224394,0.0432775,0.152994,0.96144,6.68794,50.0169,-123.416,0.0175052,0,1685629197,255215709
1,NDI-MF2 s/n:3BAA9000,7358,Port:10,0,Enabled,0.223602,0.0449707,0.155629,0.961124,6.70196,49.6428,-123.114,0.0175733,0,1685629197,280179286
1,NDI-MF2 s/n:3BAA9000,7366,Port:10,0,Enabled,0.222687,0.0447385,0.154283,0.961564,7.24192,49.5498,-122.936,0.0210904,0,1685629197,305120114
1,NDI-MF2 s/n:3BAA9000,7374,Port:10,0,Enabled,0.221232,0.0440037,0.151389,0.962394,7.74795,49.736,-122.814,0.0159124,0,1685629197,330061186
1,NDI-MF2 s/n:3BAA9000,7382,Port:10,0,Enabled,0.219335,0.046299,0.150985,0.962784,7.64383,49.7148,-122.795,0.010111,0,1685629197,355169012
1,NDI-MF2 s/n:3BAA9000,7390,Port:10,0,Enabled,0.217835,0.0489224,0.152279,0.962791,7.56014,49.1796,-122.408,0.00934698,0,1685629197,380072187
1,NDI-MF2 s/n:3BAA9000,7398,Port:10,0,Enabled,0.217649,0.0483743,0.153233,0.962709,8.04975,48.6828,-121.921,0.0314795,0,1685629197,405060247
1,NDI-MF2 s/n:3BAA9000,7406,Port:10,0,Enabled,0.216648,0.0483054,0.151076,0.963279,8.40938,48.7129,-121.663,0.0276064,0,1685629197,430053200
1,NDI-MF2 s/n:3BAA9000,7414,Port:10,0,Enabled,0.214618,0.0501829,0.14908,0.963948,8.45342,48.7068,-121.564,0.0091282,0,1685629197,455047215
1,NDI-MF2 s/n:3BAA9000,7422,Port:10,0,Enabled,0.213314,0.0526248,0.14983,0.963991,8.42472,48.343,-121.367,0.014009,0,1685629197,480064863
1,NDI-MF2 s/n:3BAA9000,7430,Port:10,0,Enabled,0.211987,0.0536451,0.148605,0.964417,8.54637,48.275,-121.214,0.0128086,0,1685629197,505087674
1,NDI-MF2 s/n:3BAA9000,7438,Port:10,0,Enabled,0.210532,0.0532689,0.146167,0.965129,8.98194,48.4164,-121.093,0.00962697,0,1685629197,530026019
1,NDI-MF2 s/n:3BAA9000,7446,Port:10,0,Enabled,0.208891,0.0550746,0.145931,0.96542,9.05153,48.3099,-121.063,0.0112994,0,1685629197,555042978
1,NDI-MF2 s/n:3BAA9000,7454,Port:10,0,Enabled,0.207644,0.0584813,0.147646,0.965228,8.77346,47.9007,-120.81,0.0151039,0,1685629197,580016576
1,NDI-MF2 s/n:3BAA9000,7462,Port:10,0,Enabled,0.206934,0.0592598,0.147056,0.965423,9.03172,47.5979,-120.334,0.0233863,0,1685629197,605051941
1,NDI-MF2 s/n:3BAA9000,7470,Port:10,0,Enabled,0.205626,0.059144,0.143751,0.966207,9.41574,47.7864,-120.174,0.0183699,0,1685629197,629990938
1,NDI-MF2 s/n:3BAA9000,7478,Port:10,0,Enabled,0.203308,0.0601483,0.140768,0.967074,9.56845,48.0112,-120.31,0.0262593,0,1685629197,655019858
1,NDI-MF2 s/n:3BAA9000,7486,Port:10,0,Enabled,0.201669,0.0613239,0.140743,0.967347,9.73656,47.7022,-120.129,0.0258519,0,1685629197,679993037
1,NDI-MF2 s/n:3BAA9000,7494,Port:10,0,Enabled,0.201065,0.0617282,0.141833,0.967288,9.92014,47.3302,-119.713,0.00835272,0,1685629197,705005971
1,NDI-MF2 s/n:3BAA9000,7502,Port:10,0,Enabled,0.200164,0.0614017,0.141042,0.967611,10.2926,47.2355,-119.422,0.00585656,0,1685629197,730014384
1,NDI-MF2 s/n:3BAA9000,7510,Port:10,0,Enabled,0.198967,0.0632946,0.141087,0.96773,10.2397,47.125,-119.258,0.00515046,0,1685629197,754958983
1,NDI-MF2 s/n:3BAA9000,7518,Port:10,0,Enabled,0.19815,0.064963,0.141488,0.967728,10.3085,46.7889,-118.887,0.0153626,0,1685629197,779992024
1,NDI-MF2 s/n:3BAA9000,7526,Port:10,0,Enabled,0.197493,0.0644047,0.139874,0.968134,10.8552,46.611,-118.472,0.0266103,0,1685629197,805044702
1,NDI-MF2 s/n:3BAA9000,7534,Port:10,0,Enabled,0.195732,0.0651521,0.138053,0.968703,10.9094,46.5928,-118.346,0.0103235,0,1685629197,829992218
1,NDI-MF2 s/n:3BAA9000,7542,Port:10,0,Enabled,0.193729,0.0666508,0.136737,0.96919,10.941,46.5811,-118.431,0.0150631,0,1685629197,855024031
1,NDI-MF2 s/n:3BAA9000,7550,Port:10,0,Enabled,0.192497,0.0689915,0.137286,0.969194,10.903,46.2148,-118.271,0.0134771,0,1685629197,879944814
1,NDI-MF2 s/n:3BAA9000,7558,Port:10,0,Enabled,0.19173,0.0694088,0.136125,0.96948,11.2412,45.9743,-117.966,0.00989057,0,1685629197,904953999
1,NDI-MF2 s/n:3BAA9000,7566,Port:10,0,Enabled,0.19036,0.0687403,0.133616,0.970147,11.6341,46.0168,-117.675,0.0121795,0,1685629197,929921190
1,NDI-MF2 s/n:3BAA9000,7574,Port:10,0,Enabled,0.188719,0.0685113,0.13208,0.970694,12.0097,45.9448,-117.57,0.0191245,0,1685629197,954916054
1,NDI-MF2 s/n:3BAA9000,7582,Port:10,0,Enabled,0.187495,0.0713407,0.133309,0.970559,11.7199,45.5646,-117.409,0.0214446,0,1685629197,979951158
1,NDI-MF2 s/n:3BAA9000,7590,Port:10,0,Enabled,0.186878,0.0734487,0.133957,0.970432,11.6885,45.0802,-116.947,0.012837,0,1685629198,4956298
1,NDI-MF2 s/n:3BAA9000,7598,Port:10,0,Enabled,0.185835,0.0738081,0.131214,0.970979,11.9825,45.004,-116.743,0.0055465,0,1685629198,29925414
1,NDI-MF2 s/n:3BAA9000,7606,Port:10,0,Enabled,0.184362,0.0736593,0.129065,0.971559,12.2606,44.9219,-116.6,0.0128365,0,1685629198,53951005
1,NDI-MF2 s/n:3BAA9000,7614,Port:10,0,Enabled,0.183774,0.0751516,0.130667,0.971342,12.216,44.5594,-116.261,0.00896198,0,1685629198,79930510
1,NDI-MF2 s/n:3BAA9000,7622,Port:10,0,Enabled,0.182786,0.0753911,0.129844,0.97162,12.5049,44.3964,-116.036,0.0139224,0,1685629198,103951977
1,NDI-MF2 s/n:3BAA9000,7630,Port:10,0,Enabled,0.181453,0.0755282,0.128319,0.972062,12.7333,44.3882,-115.845,0.00522611,0,1685629198,128978371
1,NDI-MF2 s/n:3BAA9000,7638,Port:10,0,Enabled,0.180064,0.0775274,0.127545,0.972265,12.6126,44.322,-115.781,0.0155262,0,1685629198,153942284
1,NDI-MF2 s/n:3BAA9000,7646,Port:10,0,Enabled,0.178914,0.0789715,0.126925,0.972442,12.7313,44.1459,-115.536,0.00553453,0,1685629198,178984696
1,NDI-MF2 s/n:3BAA9000,7654,Port:10,0,Enabled,0.178169,0.0788003,0.126391,0.972662,13.1362,43.8338,-115.094,0.0175652,0,1685629198,203982347
1,NDI-MF2 s/n:3BAA9000,7662,Port:10,0,Enabled,0.176713,0.0787678,0.123973,0.973241,13.3299,43.7888,-114.936,0.00297677,0,1685629198,228977411
1,NDI-MF2 s/n:3BAA9000,7670,Port:10,0,Enabled,0.175396,0.07972,0.122919,0.973536,13.3954,43.6155,-114.795,0.0132122,0,1685629198,253925044
1,NDI-MF2 s/n:3BAA9000,7678,Port:10,0,Enabled,0.174373,0.0810518,0.122948,0.973606,13.4763,43.284,-114.591,0.0118714,0,1685629198,278935089
1,NDI-MF2 s/n:3BAA9000,7686,Port:10,0,Enabled,0.173443,0.0810291,0.121783,0.97392,13.7869,43.0508,-114.307,0.00278735,0,1685629198,303981152
1,NDI-MF2 s/n:3BAA9000,7694,Port:10,0,Enabled,0.172442,0.0807013,0.120429,0.974294,14.1141,42.7876,-114.078,0.00530642,0,1685629198,328934257
1,NDI-MF2 s/n:3BAA9000,7702,Port:10,0,Enabled,0.171394,0.0823164,0.120096,0.974385,13.9522,42.5318,-113.987,0.0215647,0,1685629198,353869247
1,NDI-MF2 s/n:3BAA9000,7710,Port:10,0,Enabled,0.170504,0.0837784,0.119504,0.974489,13.9734,42.3186,-113.731,0.0117783,0,1685629198,378928799
1,NDI-MF2 s/n:3BAA9000,7718,Port:10,0,Enabled,0.169712,0.0844426,0.118702,0.974668,14.1265,42.1767,-113.352,0.00899685,0,1685629198,403980184
1,NDI-MF2 s/n:3BAA9000,7726,Port:10,0,Enabled,0.168397,0.0845176,0.116662,0.975136,14.3424,42.1072,-113.189,0.00573051,0,1685629198,428888258
1,NDI-MF2 s/n:3BAA9000,7734,Port:10,0,Enabled,0.166892,0.084485,0.114913,0.975605,14.6366,41.8905,-113.117,0.0249597,0,1685629198,453951440
1,NDI-MF2 s/n:3BAA9000,7742,Port:10,0,Enabled,0.166405,0.0861465,0.115741,0.975445,14.5934,41.5303,-112.836,0.0157172,0,1685629198,478911131
1,NDI-MF2 s/n:3BAA9000,7750,Port:10,0,Enabled,0.165527,0.0866873,0.114949,0.97564,14.7692,41.4492,-112.593,0.00201018,0,1685629198,503884208
1,NDI-MF2 s/n:3BAA9000,7758,Port:10,0,Enabled,0.164097,0.0859444,0.113323,0.976138,15.0905,41.4612,-112.378,0.00484454,0,1685629198,528888151
1,NDI-MF2 s/n:3BAA9000,7766,Port:10,0,Enabled,0.16305,0.0873413,0.113108,0.976214,14.9874,41.2493,-112.225,0.0155077,0,1685629198,553850014
1,NDI-MF2 s/n:3BAA9000,7774,Port:10,0,Enabled,0.162032,0.0885372,0.112435,0.976353,15.1072,40.9552,-112.044,0.0207772,0,1685629198,578903753
1,NDI-MF2 s/n:3BAA9000,7782,Port:10,0,Enabled,0.161477,0.0888823,0.111512,0.97652,15.4476,40.6425,-111.664,0.00611339,0,1685629198,603903663
1,NDI-MF2 s/n:3BAA9000,7790,Port:10,0,Enabled,0.160178,0.0887387,0.109098,0.977019,15.671,40.5584,-111.499,0.0112367,0,1685629198,628875650
1,NDI-MF2 s/n:3BAA9000,7798,Port:10,0,Enabled,0.15881,0.0886754,0.107689,0.977404,15.8184,40.4441,-111.343,0.0245135,0,1685629198,653878149
1,NDI-MF2 s/n:3BAA9000,7806,Port:10,0,Enabled,0.158352,0.0901992,0.108235,0.977279,15.7284,40.1532,-111.053,0.018226,0,1685629198,678895376
1,NDI-MF2 s/n:3BAA9000,7814,Port:10,0,Enabled,0.15752,0.0905211,0.107388,0.977477,15.9694,39.8689,-110.822,0.00263035,0,1685629198,703832619
1,NDI-MF2 s/n:3BAA9000,7822,Port:10,0,Enabled,0.156567,0.0903827,0.1063,0.977762,16.2271,39.5865,-110.582,0.00172441,0,1685629198,728843474
1,NDI-MF2 s/n:3BAA9000,7830,Port:10,0,Enabled,0.155694,0.0910036,0.10477,0.978009,16.2759,39.4704,-110.48,0.0182759,0,1685629198,753823202
1,NDI-MF2 s/n:3BAA9000,7838,Port:10,0,Enabled,0.154898,0.0924784,0.104067,0.978072,16.1698,39.2989,-110.379,0.0329166,0,1685629198,778819919
1,NDI-MF2 s/n:3BAA9000,7846,Port:10,0,Enabled,0.154,0.0929877,0.102477,0.978334,16.3022,39.0834,-110.182,0.0232797,0,1685629198,803903335
1,NDI-MF2 s/n:3BAA9000,7854,Port:10,0,Enabled,0.152999,0.093003,0.101062,0.978636,16.414,38.9462,-109.924,0.0129346,0,1685629198,828852043
1,NDI-MF2 s/n:3BAA9000,7862,Port:10,0,Enabled,0.151675,0.092906,0.0997701,0.978984,16.5224,38.8453,-109.762,0.0197131,0,1685629198,853821512
1,NDI-MF2 s/n:3BAA9000,7870,Port:10,0,Enabled,0.150812,0.0934746,0.0995874,0.979082,16.6099,38.6287,-109.482,0.0270659,0,1685629198,878787020
1,NDI-MF2 s/n:3BAA9000,7878,Port:10,0,Enabled,0.150303,0.0944506,0.0995115,0.979074,16.7089,38.3317,-109.16,0.0156972,0,1685629198,903807465
1,NDI-MF2 s/n:3BAA9000,7886,Port:10,0,Enabled,0.149499,0.0948896,0.0991055,0.979196,16.8455,38.0994,-108.9,0.00457486,0,1685629198,928772008
1,NDI-MF2 s/n:3BAA9000,7894,Port:10,0,Enabled,0.148545,0.095256,0.0977539,0.979442,16.9149,37.9799,-108.698,0.0109978,0,1685629198,953796699
1,NDI-MF2 s/n:3BAA9000,7902,Port:10,0,Enabled,0.147547,0.0956646,0.0961255,0.979713,16.9503,37.8448,-108.558,0.0284585,0,1685629198,978780126
1,NDI-MF2 s/n:3BAA9000,7910,Port:10,0,Enabled,0.146612,0.0961299,0.0953415,0.979885,17.0908,37.5339,-108.26,0.0166595,0,1685629199,3767903
1,NDI-MF2 s/n:3BAA9000,7918,Port:10,0,Enabled,0.145435,0.0963223,0.0938117,0.980189,17.2161,37.3499,-108.063,0.0134397,0,1685629199,28822650
1,NDI-MF2 s/n:3BAA9000,7926,Port:10,0,Enabled,0.144276,0.0962174,0.0925288,0.980493,17.3795,37.2053,-107.807,0.0168366,0,1685629199,53745640
1,NDI-MF2 s/n:3BAA9000,7934,Port:10,0,Enabled,0.143514,0.0966733,0.091937,0.980615,17.4798,36.9995,-107.51,0.0140778,0,1685629199,78756741
1,NDI-MF2 s/n:3BAA9000,7942,Port:10,0,Enabled,0.142701,0.0973285,0.0918975,0.980673,17.5162,36.6916,-107.213,0.0219734,0,1685629199,103771095
1,NDI-MF2 s/n:3BAA9000,7950,Port:10,0,Enabled,0.141682,0.0974853,0.0915301,0.980839,17.6598,36.4022,-106.965,0.0200312,0,1685629199,128737014
1,NDI-MF2 s/n:3BAA9000,7958,Port:10,0,Enabled,0.141065,0.0979558,0.0904672,0.98098,17.7708,36.2433,-106.737,0.00963671,0,1685629199,153704737
1,NDI-MF2 s/n:3BAA9000,7966,Port:10,0,Enabled,0.140353,0.0987848,0.0890006,0.981133,17.7936,36.0884,-106.586,0.00602914,0,1685629199,178753246
1,NDI-MF2 s/n:3BAA9000,7974,Port:10,0,Enabled,0.139315,0.0989179,0.0876657,0.981388,17.8833,35.9073,-106.374,0.0133849,0,1685629199,203781045
1,NDI-MF2 s/n:3BAA9000,7982,Port:10,0,Enabled,0.138344,0.0989458,0.0872635,0.981558,17.9976,35.5964,-106.051,0.0182572,0,1685629199,228709451
1,NDI-MF2 s/n:3BAA9000,7990,Port:10,0,Enabled,0.137361,0.099405,0.0861755,0.981746,18.0437,35.3146,-105.843,0.0209,0,1685629199,253706856
1,NDI-MF2 s/n:3BAA9000,7998,Port:10,0,Enabled,0.136662,0.099611,0.0847701,0.981945,18.1844,35.1344,-105.611,0.0103147,0,1685629199,278786911
1,NDI-MF2 s/n:3BAA9000,8006,Port:10,0,Enabled,0.136238,0.100224,0.0838564,0.98202,18.1893,34.9467,-105.306,0.00581773,0,1685629199,303707238
1,NDI-MF2 s/n:3BAA9000,8014,Port:10,0,Enabled,0.135245,0.100418,0.0832196,0.982191,18.3347,34.6805,-105.12,0.00858168,0,1685629199,328716764
1,NDI-MF2 s/n:3BAA9000,8022,Port:10,0,Enabled,0.134386,0.100737,0.0820043,0.982379,18.4537,34.5115,-104.941,0.0158859,0,1685629199,353673012
1,NDI-MF2 s/n:3BAA9000,8030,Port:10,0,Enabled,0.13354,0.1009,0.0808924,0.98257,18.5157,34.302,-104.694,0.0201898,0,1685629199,378643362
1,NDI-MF2 s/n:3BAA9000,8038,Port:10,0,Enabled,0.133011,0.101342,0.0810025,0.982587,18.5786,33.9821,-104.316,0.0147991,0,1685629199,403661610
1,NDI-MF2 s/n:3BAA9000,8046,Port:10,0,Enabled,0.132335,0.101816,0.0806677,0.982656,18.5979,33.6737,-104.038,0.0176198,0,1685629199,428670760
1,NDI-MF2 s/n:3BAA9000,8054,Port:10,0,Enabled,0.131743,0.10203,0.0795915,0.982802,18.6727,33.3551,-103.783,0.0133411,0,1685629199,453695821
1,NDI-MF2 s/n:3BAA9000,8062,Port:10,0,Enabled,0.131487,0.102265,0.0779673,0.982942,18.7285,33.1824,-103.552,0.0137076,0,1685629199,478661085
1,NDI-MF2 s/n:3BAA9000,8070,Port:10,0,Enabled,0.130722,0.102389,0.076276,0.983164,18.7809,33.1164,-103.449,0.0234361,0,1685629199,503699492
1,NDI-MF2 s/n:3BAA9000,8078,Port:10,0,Enabled,0.129488,0.102298,0.0756334,0.983386,18.8895,32.9282,-103.332,0.0317305,0,1685629199,528659287
1,NDI-MF2 s/n:3BAA9000,8086,Port:10,0,Enabled,0.128795,0.10278,0.0749233,0.983481,18.931,32.6963,-103.125,0.0186736,0,1685629199,552643491
1,NDI-MF2 s/n:3BAA9000,8094,Port:10,0,Enabled,0.128249,0.103141,0.073729,0.983605,19.0018,32.4389,-102.912,0.00619853,0,1685629199,577695947
1,NDI-MF2 s/n:3BAA9000,8102,Port:10,0,Enabled,0.12734,0.102785,0.0726058,0.983843,19.1713,32.1647,-102.632,0.0171732,0,1685629199,603709838
1,NDI-MF2 s/n:3BAA9000,8110,Port:10,0,Enabled,0.126519,0.102817,0.0710309,0.984061,19.1844,32.0795,-102.451,0.0202781,0,1685629199,628721885
1,NDI-MF2 s/n:3BAA9000,8118,Port:10,0,Enabled,0.125631,0.102884,0.0698862,0.98425,19.157,31.9485,-102.248,0.0139729,0,1685629199,652797133
1,NDI-MF2 s/n:3BAA9000,8126,Port:10,0,Enabled,0.125259,0.103552,0.0696247,0.984246,19.1003,31.6423,-101.931,0.00998275,0,1685629199,677672309
1,NDI-MF2 s/n:3BAA9000,8134,Port:10,0,Enabled,0.124315,0.103625,0.0690637,0.984397,19.1995,31.3138,-101.705,0.0145236,0,1685629199,702784019
1,NDI-MF2 s/n:3BAA9000,8142,Port:10,0,Enabled,0.123298,0.10345,0.0683941,0.98459,19.3313,31.0376,-101.42,0.0100108,0,1685629199,727687726
1,NDI-MF2 s/n:3BAA9000,8150,Port:10,0,Enabled,0.122728,0.103559,0.0670453,0.984743,19.4,30.8679,-101.156,0.00784165,0,1685629199,752663474
1,NDI-MF2 s/n:3BAA9000,8158,Port:10,0,Enabled,0.122116,0.103885,0.0660394,0.984852,19.4309,30.5547,-100.884,0.00966287,0,1685629199,777659731
1,NDI-MF2 s/n:3BAA9000,8166,Port:10,0,Enabled,0.121665,0.104377,0.0658406,0.98487,19.4867,30.1959,-100.573,0.0196291,0,1685629199,802685191
1,NDI-MF2 s/n:3BAA9000,8174,Port:10,0,Enabled,0.121047,0.104687,0.0650157,0.984968,19.5477,29.9554,-100.387,0.0219245,0,1685629199,827655957
1,NDI-MF2 s/n:3BAA9000,8182,Port:10,0,Enabled,0.120599,0.104817,0.0636588,0.985098,19.6137,29.8184,-100.151,0.0119769,0,1685629199,852660261
1,NDI-MF2 s/n:3BAA9000,8190,Port:10,0,Enabled,0.120248,0.104584,0.0616069,0.985296,19.6964,29.7331,-99.9381,0.00751222,0,1685629199,877701708
1,NDI-MF2 s/n:3BAA9000,8198,Port:10,0,Enabled,0.119337,0.10422,0.0606994,0.985501,19.7833,29.4591,-99.8244,0.020128,0,1685629199,902664705
1,NDI-MF2 s/n:3BAA9000,8206,Port:10,0,Enabled,0.118616,0.10453,0.06077,0.985551,19.8248,29.0907,-99.5773,0.0230979,0,1685629199,927618993
1,NDI-MF2 s/n:3BAA9000,8214,Port:10,0,Enabled,0.118614,0.105187,0.0595711,0.985555,19.7999,28.8853,-99.3075,0.00870505,0,1685629199,952607730
1,NDI-MF2 s/n:3BAA9000,8222,Port:10,0,Enabled,0.118002,0.104749,0.0577908,0.98578,19.8766,28.7212,-99.1477,0.00590264,0,1685629199,977594129
1,NDI-MF2 s/n:3BAA9000,8230,Port:10,0,Enabled,0.117176,0.104291,0.0566324,0.985995,19.9595,28.5783,-98.967,0.0211079,0,1685629200,2637760
1,NDI-MF2 s/n:3BAA9000,8238,Port:10,0,Enabled,0.116391,0.104643,0.0561565,0.986078,19.9482,28.4253,-98.8327,0.0263708,0,1685629200,27636532
1,NDI-MF2 s/n:3BAA9000,8246,Port:10,0,Enabled,0.115795,0.105004,0.0558014,0.98613,19.9773,28.1956,-98.5559,0.007876,0,1685629200,52594129
1,NDI-MF2 s/n:3BAA9000,8254,Port:10,0,Enabled,0.115473,0.104753,0.0544711,0.986269,20.0389,28.014,-98.2116,0.0123639,0,1685629200,77603668
1,NDI-MF2 s/n:3BAA9000,8262,Port:10,0,Enabled,0.11513,0.104532,0.0530111,0.986412,20.0429,27.8952,-98.0254,0.0119012,0,1685629200,102631922
1,NDI-MF2 s/n:3BAA9000,8270,Port:10,0,Enabled,0.114419,0.104558,0.0526655,0.98651,20.0095,27.6073,-97.8768,0.0337851,0,1685629200,127573953
1,NDI-MF2 s/n:3BAA9000,8278,Port:10,0,Enabled,0.114146,0.105287,0.0516743,0.986517,19.8592,27.4001,-97.6396,0.0170065,0,1685629200,152585052
1,NDI-MF2 s/n:3BAA9000,8286,Port:10,0,Enabled,0.113424,0.104917,0.0501471,0.986718,19.8512,27.1798,-97.3661,0.00864959,0,1685629200,177584516
1,NDI-MF2 s/n:3BAA9000,8294,Port:10,0,Enabled,0.112854,0.104775,0.0491609,0.986848,19.7972,26.9431,-97.0688,0.0197084,0,1685629200,202593545
1,NDI-MF2 s/n:3BAA9000,8302,Port:10,0,Enabled,0.112134,0.10464,0.0483434,0.986985,19.9158,26.6201,-96.8316,0.0199843,0,1685629200,227601686
1,NDI-MF2 s/n:3BAA9000,8310,Port:10,0,Enabled,0.111609,0.10485,0.047688,0.987054,19.961,26.3197,-96.5723,0.0104404,0,1685629200,252609231
1,NDI-MF2 s/n:3BAA9000,8318,Port:10,0,Enabled,0.111176,0.104863,0.0466025,0.987154,20.0131,26.1319,-96.2785,0.00902968,0,1685629200,277569930
1,NDI-MF2 s/n:3BAA9000,8326,Port:10,0,Enabled,0.110683,0.104706,0.0459256,0.987258,20.0244,25.8583,-96.0329,0.0126515,0,1685629200,302579390
1,NDI-MF2 s/n:3BAA9000,8334,Port:10,0,Enabled,0.110259,0.104735,0.0453687,0.987327,20.0783,25.5749,-95.7862,0.0139149,0,1685629200,327518407
1,NDI-MF2 s/n:3BAA9000,8342,Port:10,0,Enabled,0.110045,0.104956,0.0442629,0.987378,20.0806,25.3411,-95.5455,0.0111457,0,1685629200,352558129
1,NDI-MF2 s/n:3BAA9000,8350,Port:10,0,Enabled,0.109593,0.104805,0.0435919,0.987474,20.114,25.0437,-95.2914,0.012663,0,1685629200,377537945
1,NDI-MF2 s/n:3BAA9000,8358,Port:10,0,Enabled,0.109257,0.104661,0.0429361,0.987555,20.1328,24.82,-95.0966,0.0287361,0,1685629200,402592443
1,NDI-MF2 s/n:3BAA9000,8366,Port:10,0,Enabled,0.109072,0.1052,0.0425101,0.987537,20.0767,24.535,-94.886,0.0251885,0,1685629200,427527054
1,NDI-MF2 s/n:3BAA9000,8374,Port:10,0,Enabled,0.108938,0.105231,0.041246,0.987602,20.1397,24.2865,-94.6177,0.0139259,0,1685629200,452492924
1,NDI-MF2 s/n:3BAA9000,8382,Port:10,0,Enabled,0.108733,0.104557,0.039216,0.987779,20.2427,24.1453,-94.4427,0.0109342,0,1685629200,477488198
1,NDI-MF2 s/n:3BAA9000,8390,Port:10,0,Enabled,0.108116,0.103952,0.0381288,0.987953,20.2835,23.9712,-94.3556,0.0246943,0,1685629200,502555710
1,NDI-MF2 s/n:3BAA9000,8398,Port:10,0,Enabled,0.10764,0.10435,0.038727,0.98794,20.1929,23.6043,-94.1316,0.0364432,0,1685629200,527508129
1,NDI-MF2 s/n:3BAA9000,8406,Port:10,0,Enabled,0.107668,0.10488,0.0378928,0.987913,20.1254,23.4129,-93.8464,0.0123281,0,1685629200,552458498
1,NDI-MF2 s/n:3BAA9000,8414,Port:10,0,Enabled,0.107325,0.104475,0.0362359,0.988055,20.1529,23.2251,-93.5863,0.0176681,0,1685629200,577452066
1,NDI-MF2 s/n:3BAA9000,8422,Port:10,0,Enabled,0.106765,0.103753,0.0351895,0.98823,20.2157,22.9947,-93.3852,0.0138987,0,1685629200,602505381
1,NDI-MF2 s/n:3BAA9000,8430,Port:10,0,Enabled,0.106372,0.10374,0.0349157,0.988283,20.1937,22.7013,-93.1517,0.0193873,0,1685629200,627449981
1,NDI-MF2 s/n:3BAA9000,8438,Port:10,0,Enabled,0.106177,0.104038,0.0344866,0.988288,20.1143,22.4037,-92.8251,0.0153047,0,1685629200,652513296
1,NDI-MF2 s/n:3BAA9000,8446,Port:10,0,Enabled,0.106141,0.103757,0.0327697,0.98838,20.0831,22.3077,-92.5645,0.0154955,0,1685629200,677466451
1,NDI-MF2 s/n:3BAA9000,8454,Port:10,0,Enabled,0.105641,0.103145,0.0318969,0.988526,20.0704,22.0439,-92.3801,0.0121494,0,1685629200,702419184
1,NDI-MF2 s/n:3BAA9000,8462,Port:10,0,Enabled,0.105365,0.103263,0.0316195,0.988552,19.9924,21.7847,-92.1238,0.0131993,0,1685629200,727415415
1,NDI-MF2 s/n:3BAA9000,8470,Port:10,0,Enabled,0.104983,0.103145,0.0307773,0.988632,19.9586,21.5505,-91.8844,0.0132139,0,1685629200,752436667
1,NDI-MF2 s/n:3BAA9000,8478,Port:10,0,Enabled,0.104847,0.102917,0.0295847,0.988706,19.9349,21.4019,-91.6392,0.0151044,0,1685629200,777409525
1,NDI-MF2 s/n:3BAA9000,8486,Port:10,0,Enabled,0.104581,0.102663,0.0288802,0.988782,19.9406,21.1508,-91.4794,0.0244686,0,1685629200,802437491
1,NDI-MF2 s/n:3BAA9000,8494,Port:10,0,Enabled,0.104369,0.103002,0.0288389,0.98877,19.839,20.8331,-91.2669,0.029923,0,1685629200,827427626
1,NDI-MF2 s/n:3BAA9000,8502,Port:10,0,Enabled,0.104206,0.103238,0.0278601,0.988791,19.8093,20.5848,-90.9654,0.0158978,0,1685629200,852382630
1,NDI-MF2 s/n:3BAA9000,8510,Port:10,0,Enabled,0.104055,0.102627,0.0260692,0.988919,19.8291,20.4325,-90.7252,0.015101,0,1685629200,877472581
1,NDI-MF2 s/n:3BAA9000,8518,Port:10,0,Enabled,0.103705,0.101896,0.0245698,0.98907,19.8796,20.3581,-90.6031,0.0153816,0,1685629200,902465846
1,NDI-MF2 s/n:3BAA9000,8526,Port:10,0,Enabled,0.103341,0.101907,0.024774,0.989102,19.8142,20.046,-90.4133,0.0287719,0,1685629200,927422382
1,NDI-MF2 s/n:3BAA9000,8534,Port:10,0,Enabled,0.103288,0.102269,0.0239887,0.989089,19.6683,19.8623,-90.1603,0.0118041,0,1685629200,952375840
1,NDI-MF2 s/n:3BAA9000,8542,Port:10,0,Enabled,0.102837,0.101802,0.0225604,0.989218,19.6683,19.699,-89.8949,0.0230171,0,1685629200,977378835
1,NDI-MF2 s/n:3BAA9000,8550,Port:10,0,Enabled,0.102475,0.100856,0.0214578,0.989377,19.7304,19.5137,-89.6841,0.01488,0,1685629201,2359046
1,NDI-MF2 s/n:3BAA9000,8558,Port:10,0,Enabled,0.102289,0.100914,0.021214,0.989396,19.6516,19.2146,-89.4857,0.0187193,0,1685629201,27370620
1,NDI-MF2 s/n:3BAA9000,8566,Port:10,0,Enabled,0.102221,0.101141,0.0205317,0.989394,19.5357,18.9853,-89.2177,0.0128672,0,1685629201,52382420
1,NDI-MF2 s/n:3BAA9000,8574,Port:10,0,Enabled,0.102013,0.100564,0.019138,0.989502,19.5187,18.8409,-89.049,0.0123578,0,1685629201,77397788
1,NDI-MF2 s/n:3BAA9000,8582,Port:10,0,Enabled,0.101658,0.100229,0.0189394,0.989576,19.456,18.5814,-88.8133,0.0207456,0,1685629201,102496719
1,NDI-MF2 s/n:3BAA9000,8590,Port:10,0,Enabled,0.101717,0.100674,0.0187232,0.989529,19.2735,18.3674,-88.5035,0.019084,0,1685629201,127379815
1,NDI-MF2 s/n:3BAA9000,8598,Port:10,0,Enabled,0.101412,0.100365,0.0172621,0.989618,19.2434,18.1495,-88.2234,0.0164205,0,1685629201,152311873
1,NDI-MF2 s/n:3BAA9000,8606,Port:10,0,Enabled,0.101245,0.0996044,0.0155801,0.98974,19.2357,17.9798,-87.9763,0.0194959,0,1685629201,177312738
1,NDI-MF2 s/n:3BAA9000,8614,Port:10,0,Enabled,0.101079,0.0988291,0.0145778,0.98985,19.2396,17.8111,-87.8797,0.0226967,0,1685629201,202336231
1,NDI-MF2 s/n:3BAA9000,8622,Port:10,0,Enabled,0.100723,0.0991356,0.0149342,0.989851,19.1087,17.4581,-87.6575,0.0194382,0,1685629201,226370140
1,NDI-MF2 s/n:3BAA9000,8630,Port:10,0,Enabled,0.100641,0.0996144,0.0147095,0.989814,18.9738,17.1753,-87.232,0.0172885,0,1685629201,251499506
1,NDI-MF2 s/n:3BAA9000,8638,Port:10,0,Enabled,0.100565,0.0990512,0.0131344,0.9899,18.9106,17.0126,-86.941,0.0233008,0,1685629201,276352823
1,NDI-MF2 s/n:3BAA9000,8646,Port:10,0,Enabled,0.100478,0.0980943,0.0115369,0.990024,18.9616,16.8569,-86.811,0.0192764,0,1685629201,301365997
1,NDI-MF2 s/n:3BAA9000,8654,Port:10,0,Enabled,0.100382,0.0979027,0.01183,0.99005,18.8748,16.5004,-86.6248,0.0237159,0,1685629201,326450461
1,NDI-MF2 s/n:3BAA9000,8662,Port:10,0,Enabled,0.100393,0.0980647,0.010834,0.990044,18.7992,16.2946,-86.384,0.0121648,0,1685629201,351360309
1,NDI-MF2 s/n:3BAA9000,8670,Port:10,0,Enabled,0.100117,0.0975883,0.00977054,0.99013,18.7771,16.021,-86.141,0.0142335,0,1685629201,376338141
1,NDI-MF2 s/n:3BAA9000,8678,Port:10,0,Enabled,0.100087,0.0969612,0.00889052,0.990203,18.7152,15.8428,-85.9593,0.0163899,0,1685629201,401378381
1,NDI-MF2 s/n:3BAA9000,8686,Port:10,0,Enabled,0.100013,0.0969834,0.00916473,0.990206,18.5608,15.6236,-85.745,0.0239893,0,1685629201,426334971
1,NDI-MF2 s/n:3BAA9000,8694,Port:10,0,Enabled,0.0999826,0.0974254,0.0090745,0.990166,18.3479,15.3486,-85.3701,0.0188672,0,1685629201,451357257
1,NDI-MF2 s/n:3BAA9000,8702,Port:10,0,Enabled,0.100144,0.0969717,0.00723698,0.99021,18.3222,15.2523,-85.1333,0.0155052,0,1685629201,476315618
1,NDI-MF2 s/n:3BAA9000,8710,Port:10,0,Enabled,0.100015,0.0962367,0.0060841,0.990302,18.3305,15.1494,-85.017,0.0132232,0,1685629201,501335012
1,NDI-MF2 s/n:3BAA9000,8718,Port:10,0,Enabled,0.0998278,0.0961224,0.00637095,0.99033,18.1287,14.9508,-84.7822,0.0161286,0,1685629201,526336283
1,NDI-MF2 s/n:3BAA9000,8726,Port:10,0,Enabled,0.0998211,0.0961809,0.00582854,0.990329,17.9408,14.7379,-84.4198,0.012084,0,1685629201,551334738
1,NDI-MF2 s/n:3BAA9000,8734,Port:10,0,Enabled,0.0998383,0.0956132,0.00412792,0.990391,17.9585,14.5739,-84.2246,0.0205572,0,1685629201,576335902
1,NDI-MF2 s/n:3BAA9000,8742,Port:10,0,Enabled,0.0999055,0.0948762,0.00326196,0.990458,17.9675,14.392,-84.1423,0.0194178,0,1685629201,601287199
1,NDI-MF2 s/n:3BAA9000,8750,Port:10,0,Enabled,0.0997537,0.0948537,0.0031854,0.990476,17.8675,14.05,-83.8854,0.0157863,0,1685629201,626287837
1,NDI-MF2 s/n:3BAA9000,8758,Port:10,0,Enabled,0.0999293,0.0950217,0.0024861,0.990444,17.7489,13.7586,-83.486,0.0170177,0,1685629201,651290236
1,NDI-MF2 s/n:3BAA9000,8766,Port:10,0,Enabled,0.099898,0.0942468,0.000621929,0.990524,17.7201,13.6034,-83.3111,0.0219014,0,1685629201,676276823
1,NDI-MF2 s/n:3BAA9000,8774,Port:10,0,Enabled,0.0998891,0.0932993,-0.000134913,0.990615,17.6881,13.4,-83.2006,0.0155878,0,1685629201,701277088
1,NDI-MF2 s/n:3BAA9000,8782,Port:10,0,Enabled,0.0999684,0.0933418,0.00035529,0.990603,17.5142,13.1017,-82.9234,0.0178762,0,1685629201,726321160
1,NDI-MF2 s/n:3BAA9000,8790,Port:10,0,Enabled,0.0999935,0.0933694,-0.000352645,0.990597,17.3453,12.9258,-82.5993,0.0146885,0,1685629201,751278321
1,NDI-MF2 s/n:3BAA9000,8798,Port:10,0,Enabled,0.0999502,0.0925188,-0.00196628,0.99068,17.2943,12.876,-82.4235,0.0197733,0,1685629201,776246670
1,NDI-MF2 s/n:3BAA9000,8806,Port:10,0,Enabled,0.0998953,0.0919366,-0.00263519,0.990738,17.1666,12.7802,-82.3587,0.0171863,0,1685629201,801392669
1,NDI-MF2 s/n:3BAA9000,8814,Port:10,0,Enabled,0.0996997,0.0920486,-0.00224167,0.990749,16.9651,12.5286,-82.0844,0.0133086,0,1685629201,826342414
1,NDI-MF2 s/n:3BAA9000,8822,Port:10,0,Enabled,0.0998107,0.0922529,-0.00269992,0.990717,16.7933,12.3027,-81.6744,0.0176326,0,1685629201,851258243
1,NDI-MF2 s/n:3BAA9000,8830,Port:10,0,Enabled,0.0999657,0.091678,-0.00464595,0.990747,16.7791,12.2324,-81.4592,0.0248292,0,1685629201,876238649
1,NDI-MF2 s/n:3BAA9000,8838,Port:10,0,Enabled,0.0998287,0.0906073,-0.00580461,0.990854,16.7968,12.1195,-81.4294,0.0197639,0,1685629201,901315527
1,NDI-MF2 s/n:3BAA9000,8846,Port:10,0,Enabled,0.100039,0.0902924,-0.00527514,0.990864,16.6319,11.806,-81.1974,0.0231214,0,1685629201,926359819
1,NDI-MF2 s/n:3BAA9000,8854,Port:10,0,Enabled,0.100091,0.0902542,-0.00594728,0.990858,16.5376,11.5193,-80.9088,0.0149304,0,1685629201,951328275
1,NDI-MF2 s/n:3BAA9000,8862,Port:10,0,Enabled,0.10005,0.0898437,-0.00735198,0.990891,16.5258,11.2922,-80.6473,0.020411,0,1685629201,976236230
1,NDI-MF2 s/n:3BAA9000,8870,Port:10,0,Enabled,0.100098,0.0889701,-0.00815296,0.990958,16.476,11.0819,-80.5481,0.0187328,0,1685629202,1215223
1,NDI-MF2 s/n:3BAA9000,8878,Port:10,0,Enabled,0.100213,0.0889281,-0.00801814,0.990952,16.2427,10.8223,-80.299,0.0160071,0,1685629202,26224997
1,NDI-MF2 s/n:3BAA9000,8886,Port:10,0,Enabled,0.100506,0.0889447,-0.00867649,0.990915,16.0079,10.6311,-79.9707,0.0163308,0,1685629202,51212331
1,NDI-MF2 s/n:3BAA9000,8894,Port:10,0,Enabled,0.100413,0.0879687,-0.0102787,0.990996,15.9806,10.5132,-79.8816,0.0167398,0,1685629202,76176267
1,NDI-MF2 s/n:3BAA9000,8902,Port:10,0,Enabled,0.100183,0.0870941,-0.0106461,0.991093,15.9239,10.3321,-79.7407,0.014839,0,1685629202,101202802
1,NDI-MF2 s/n:3BAA9000,8910,Port:10,0,Enabled,0.100636,0.0870636,-0.00975201,0.991059,15.6529,10.0122,-79.3891,0.0235138,0,1685629202,126325251
1,NDI-MF2 s/n:3BAA9000,8918,Port:10,0,Enabled,0.101036,0.0872268,-0.0108733,0.990992,15.5029,9.89551,-79.0647,0.0113694,0,1685629202,151218014
1,NDI-MF2 s/n:3BAA9000,8926,Port:10,0,Enabled,0.100955,0.086823,-0.0120352,0.991022,15.4427,9.64544,-78.8365,0.0199234,0,1685629202,176152293
1,NDI-MF2 s/n:3BAA9000,8934,Port:10,0,Enabled,0.10118,0.0858984,-0.0127308,0.991071,15.4405,9.46227,-78.7483,0.0160143,0,1685629202,201147699
1,NDI-MF2 s/n:3BAA9000,8942,Port:10,0,Enabled,0.101389,0.0856767,-0.0128032,0.991068,15.2629,9.23138,-78.4871,0.016148,0,1685629202,226147042
1,NDI-MF2 s/n:3BAA9000,8950,Port:10,0,Enabled,0.101735,0.0856337,-0.0134747,0.991028,15.088,9.03622,-78.1721,0.0136038,0,1685629202,251172557
1,NDI-MF2 s/n:3BAA9000,8958,Port:10,0,Enabled,0.101659,0.0850237,-0.0146671,0.991071,15.0427,8.9092,-78.0011,0.0190295,0,1685629202,276161167
1,NDI-MF2 s/n:3BAA9000,8966,Port:10,0,Enabled,0.101663,0.0838249,-0.0156092,0.991158,15.056,8.81207,-77.9236,0.0183577,0,1685629202,301162897
1,NDI-MF2 s/n:3BAA9000,8974,Port:10,0,Enabled,0.102097,0.0833003,-0.0152923,0.991162,14.865,8.63542,-77.6641,0.0177737,0,1685629202,326276559
1,NDI-MF2 s/n:3BAA9000,8982,Port:10,0,Enabled,0.102237,0.0834189,-0.0156445,0.991133,14.6241,8.47894,-77.3158,0.0126573,0,1685629202,351141420
1,NDI-MF2 s/n:3BAA9000,8990,Port:10,0,Enabled,0.102282,0.0830416,-0.0166261,0.991144,14.4778,8.32271,-77.0499,0.0187604,0,1685629202,376124311
1,NDI-MF2 s/n:3BAA9000,8998,Port:10,0,Enabled,0.102626,0.0825021,-0.016949,0.991148,14.2925,8.12768,-76.8912,0.0168521,0,1685629202,401150223
1,NDI-MF2 s/n:3BAA9000,9006,Port:10,0,Enabled,0.102822,0.0823968,-0.0173306,0.99113,14.088,7.94285,-76.6207,0.0133414,0,1685629202,426096160
1,NDI-MF2 s/n:3BAA9000,9014,Port:10,0,Enabled,0.10299,0.0820929,-0.0184072,0.991118,13.8904,7.81724,-76.3367,0.0172973,0,1685629202,451123238
1,NDI-MF2 s/n:3BAA9000,9022,Port:10,0,Enabled,0.102827,0.0808583,-0.0197053,0.991211,13.8774,7.62879,-76.2683,0.0201956,0,1685629202,476113559
1,NDI-MF2 s/n:3BAA9000,9030,Port:10,0,Enabled,0.10297,0.0800519,-0.0199094,0.991258,13.8168,7.39157,-76.1083,0.0173309,0,1685629202,501125793
1,NDI-MF2 s/n:3BAA9000,9038,Port:10,0,Enabled,0.103863,0.0801591,-0.0191961,0.99117,13.5561,7.0824,-75.7439,0.0218592,0,1685629202,526144616
1,NDI-MF2 s/n:3BAA9000,9046,Port:10,0,Enabled,0.104295,0.0802824,-0.0199536,0.9911,13.381,6.93099,-75.4495,0.00954894,0,1685629202,551073368
1,NDI-MF2 s/n:3BAA9000,9054,Port:10,0,Enabled,0.104009,0.0798542,-0.021441,0.991133,13.3042,6.78369,-75.2162,0.0252178,0,1685629202,576098109
1,NDI-MF2 s/n:3BAA9000,9062,Port:10,0,Enabled,0.10425,0.0789939,-0.0224639,0.991155,13.1908,6.68027,-75.1191,0.028074,0,1685629202,601107291
1,NDI-MF2 s/n:3BAA9000,9070,Port:10,0,Enabled,0.104675,0.0783806,-0.0226257,0.991155,13.0322,6.49479,-74.9836,0.0198902,0,1685629202,626044527
1,NDI-MF2 s/n:3BAA9000,9078,Port:10,0,Enabled,0.104996,0.0781027,-0.0227055,0.991141,12.8119,6.30515,-74.6884,0.0144224,0,1685629202,651076579
1,NDI-MF2 s/n:3BAA9000,9086,Port:10,0,Enabled,0.104932,0.0773314,-0.0234822,0.99119,12.7567,6.15206,-74.5342,0.0157237,0,1685629202,676067752
1,NDI-MF2 s/n:3BAA9000,9094,Port:10,0,Enabled,0.105011,0.0765104,-0.0239663,0.991234,12.6292,5.98976,-74.3634,0.016912,0,1685629202,700146009
1,NDI-MF2 s/n:3BAA9000,9102,Port:10,0,Missing,,,,,,,,,0,1685629202,732052995
1,NDI-MF2 s/n:3BAA9000,9110,Port:10,0,Enabled,0.105967,0.0760144,-0.0247404,0.991151,12.1214,5.61412,-73.7953,0.0215524,0,1685629202,757120832
1,NDI-MF2 s/n:3BAA9000,9118,Port:10,0,Enabled,0.10616,0.0754703,-0.0256196,0.99115,12.0031,5.47583,-73.6151,0.0301559,0,1685629202,775164015
1,NDI-MF2 s/n:3BAA9000,9126,Port:10,0,Enabled,0.106533,0.0746786,-0.0260277,0.99116,11.9449,5.37503,-73.515,0.0240702,0,1685629202,800148265
1,NDI-MF2 s/n:3BAA9000,9134,Port:10,0,Enabled,0.106817,0.074143,-0.0260044,0.99117,11.8198,5.16204,-73.2572,0.0138247,0,1685629202,825091857
1,NDI-MF2 s/n:3BAA9000,9142,Port:10,0,Enabled,0.107147,0.0744316,-0.0265919,0.991097,11.5087,4.93347,-72.8164,0.0176796,0,1685629202,850095970
1,NDI-MF2 s/n:3BAA9000,9150,Port:10,0,Enabled,0.107521,0.074034,-0.0275851,0.991059,11.3081,4.79501,-72.6558,0.0280026,0,1685629202,875131330
1,NDI-MF2 s/n:3BAA9000,9158,Port:10,0,Enabled,0.107712,0.0728212,-0.0284797,0.991102,11.3141,4.66196,-72.6667,0.0254644,0,1685629202,900103438
1,NDI-MF2 s/n:3BAA9000,9166,Port:10,0,Enabled,0.108125,0.0722676,-0.0283314,0.991102,11.1674,4.54573,-72.4979,0.015035,0,1685629202,925112412
1,NDI-MF2 s/n:3BAA9000,9174,Port:10,0,Enabled,0.108799,0.0718548,-0.0283052,0.991059,10.9231,4.44603,-72.1872,0.0129061,0,1685629202,950096061
1,NDI-MF2 s/n:3BAA9000,9182,Port:10,0,Enabled,0.108783,0.0715891,-0.0293365,0.99105,10.6929,4.26759,-71.9131,0.0180921,0,1685629202,975147012
1,NDI-MF2 s/n:3BAA9000,9190,Port:10,0,Enabled,0.108919,0.0710556,-0.0300163,0.991053,10.5157,4.11902,-71.8078,0.0288403,0,1685629203,127893
1,NDI-MF2 s/n:3BAA9000,9198,Port:10,0,Enabled,0.109245,0.0702541,-0.0301479,0.991071,10.4121,4.00641,-71.7225,0.0207336,0,1685629203,25095093
1,NDI-MF2 s/n:3BAA9000,9206,Port:10,0,Enabled,0.109741,0.0700686,-0.0303089,0.991024,10.1324,3.89197,-71.3445,0.015176,0,1685629203,50126179
1,NDI-MF2 s/n:3BAA9000,9214,Port:10,0,Enabled,0.109835,0.0694623,-0.03123,0.991028,10.1017,3.70407,-71.2026,0.0211908,0,1685629203,75104106
1,NDI-MF2 s/n:3BAA9000,9222,Port:10,0,Enabled,0.10993,0.0688604,-0.0316103,0.991047,9.97055,3.5079,-71.0738,0.0241844,0,1685629203,100090082
1,NDI-MF2 s/n:3BAA9000,9230,Port:10,0,Enabled,0.110761,0.0681685,-0.0319104,0.990993,9.83764,3.33463,-70.7884,0.0143793,0,1685629203,125240468
1,NDI-MF2 s/n:3BAA9000,9238,Port:10,0,Enabled,0.111084,0.0679829,-0.0324995,0.990951,9.63479,3.16085,-70.4602,0.0197899,0,1685629203,150087267
1,NDI-MF2 s/n:3BAA9000,9246,Port:10,0,Enabled,0.111232,0.0676225,-0.0333022,0.990932,9.44306,3.06946,-70.2851,0.0351448,0,1685629203,175035210
1,NDI-MF2 s/n:3BAA9000,9254,Port:10,0,Enabled,0.111577,0.0670822,-0.0336134,0.990919,9.18269,3.02382,-70.1962,0.0371647,0,1685629203,200020575
1,NDI-MF2 s/n:3BAA9000,9262,Port:10,0,Missing,,,,,,,,,0,1685629203,230999677
1,NDI-MF2 s/n:3BAA9000,9270,Port:10,0,Enabled,0.112808,0.0660419,-0.0337538,0.990845,8.66152,2.83687,-69.3697,0.0201412,0,1685629203,255994088
1,NDI-MF2 s/n:3BAA9000,9278,Port:10,0,Enabled,0.113256,0.0655146,-0.0345362,0.990802,8.48435,2.70949,-69.1717,0.0251067,0,1685629203,275032169
1,NDI-MF2 s/n:3BAA9000,9286,Port:10,0,Enabled,0.113493,0.0646832,-0.0350788,0.99081,8.32498,2.53323,-69.0135,0.0172725,0,1685629203,299999745
1,NDI-MF2 s/n:3BAA9000,9294,Port:10,0,Enabled,0.114009,0.0640163,-0.0354922,0.99078,8.1576,2.38397,-68.7738,0.00839671,0,1685629203,324977084
1,NDI-MF2 s/n:3BAA9000,9302,Port:10,0,Enabled,0.114514,0.0633514,-0.0360559,0.990744,7.9952,2.17762,-68.5413,0.00657859,0,1685629203,349971810
1,NDI-MF2 s/n:3BAA9000,9310,Port:10,0,Enabled,0.114582,0.063284,-0.0367282,0.990716,7.89536,2.0899,-68.4181,0.0227133,0,1685629203,375057550
1,NDI-MF2 s/n:3BAA9000,9318,Port:10,0,Enabled,0.11486,0.0628919,-0.0369207,0.990701,7.76859,2.03847,-68.3729,0.0275031,0,1685629203,399983263
1,NDI-MF2 s/n:3BAA9000,9326,Port:10,0,Enabled,0.115482,0.0622982,-0.0369272,0.990667,7.55161,1.92553,-68.1509,0.0186562,0,1685629203,425013233
1,NDI-MF2 s/n:3BAA9000,9334,Port:10,0,Enabled,0.116112,0.0617532,-0.0372393,0.990615,7.29933,1.85076,-67.8632,0.0155835,0,1685629203,449937742
1,NDI-MF2 s/n:3BAA9000,9342,Port:10,0,Enabled,0.115934,0.0610585,-0.0377997,0.990657,7.16651,1.72466,-67.7899,0.0177551,0,1685629203,474942916
1,NDI-MF2 s/n:3BAA9000,9350,Port:10,0,Enabled,0.115951,0.0603705,-0.0380818,0.990687,6.9773,1.56844,-67.6121,0.0194677,0,1685629203,499953508
1,NDI-MF2 s/n:3BAA9000,9358,Port:10,0,Enabled,0.116929,0.0596421,-0.0383008,0.990608,6.75433,1.42018,-67.3421,0.0166359,0,1685629203,524936529
1,NDI-MF2 s/n:3BAA9000,9366,Port:10,0,Enabled,0.117418,0.0591982,-0.0390728,0.990546,6.59087,1.32808,-67.0503,0.0182834,0,1685629203,549976785
1,NDI-MF2 s/n:3BAA9000,9374,Port:10,0,Enabled,0.117863,0.0588702,-0.0396749,0.990489,6.37339,1.17715,-66.7391,0.0248194,0,1685629203,574958364
1,NDI-MF2 s/n:3BAA9000,9382,Port:10,0,Enabled,0.11807,0.0586848,-0.0396061,0.990478,6.1813,0.980044,-66.6341,0.0317213,0,1685629203,599951111
1,NDI-MF2 s/n:3BAA9000,9390,Port:10,0,Enabled,0.119017,0.0579528,-0.0398218,0.990399,5.96347,0.833456,-66.4086,0.0235375,0,1685629203,624945593
1,NDI-MF2 s/n:3BAA9000,9398,Port:10,0,Enabled,0.119786,0.0572796,-0.0403204,0.990326,5.73561,0.680928,-66.1327,0.0192798,0,1685629203,649903871
1,NDI-MF2 s/n:3BAA9000,9406,Port:10,0,Enabled,0.119971,0.0566784,-0.0406411,0.990325,5.56933,0.494218,-66.0024,0.0181642,0,1685629203,674932069
1,NDI-MF2 s/n:3BAA9000,9414,Port:10,0,Enabled,0.120671,0.0559999,-0.0409282,0.990266,5.40779,0.455451,-65.8844,0.0194697,0,1685629203,699899503
1,NDI-MF2 s/n:3BAA9000,9422,Port:10,0,Enabled,0.121573,0.0550978,-0.0414349,0.990186,5.1996,0.447769,-65.6899,0.0125878,0,1685629203,724985236
1,NDI-MF2 s/n:3BAA9000,9430,Port:10,0,Enabled,0.121516,0.0547169,-0.0418072,0.990198,4.99495,0.360891,-65.4634,0.0154145,0,1685629203,749883569
1,NDI-MF2 s/n:3BAA9000,9438,Port:10,0,Enabled,0.121889,0.0544097,-0.0420905,0.990157,4.76816,0.290999,-65.2193,0.0237133,0,1685629203,774889252
1,NDI-MF2 s/n:3BAA9000,9446,Port:10,0,Enabled,0.122266,0.0539911,-0.0417883,0.990147,4.53623,0.106235,-65.1044,0.027384,0,1685629203,799900139
1,NDI-MF2 s/n:3BAA9000,9454,Port:10,0,Enabled,0.122585,0.0531829,-0.0418803,0.990147,4.35302,-0.0693197,-64.9517,0.0191549,0,1685629203,824892615
1,NDI-MF2 s/n:3BAA9000,9462,Port:10,0,Enabled,0.123549,0.0524906,-0.0426322,0.990032,4.12077,-0.112272,-64.5762,0.0139894,0,1685629203,849854874
1,NDI-MF2 s/n:3BAA9000,9470,Port:10,0,Enabled,0.123802,0.052017,-0.0432447,0.989998,4.01496,-0.24132,-64.4794,0.0190432,0,1685629203,874845199
1,NDI-MF2 s/n:3BAA9000,9478,Port:10,0,Enabled,0.123788,0.0516753,-0.0431254,0.990023,3.83456,-0.407325,-64.3799,0.0237324,0,1685629203,899875256
1,NDI-MF2 s/n:3BAA9000,9486,Port:10,0,Enabled,0.124747,0.0506434,-0.043295,0.989949,3.62309,-0.495038,-64.1932,0.0131523,0,1685629203,924847290
1,NDI-MF2 s/n:3BAA9000,9494,Port:10,0,Enabled,0.125721,0.0496051,-0.044139,0.989841,3.44139,-0.490655,-63.9157,0.00576348,0,1685629203,949834230
1,NDI-MF2 s/n:3BAA9000,9502,Port:10,0,Enabled,0.125963,0.0493879,-0.0445319,0.989804,3.20079,-0.597867,-63.6457,0.0143533,0,1685629203,974862566
1,NDI-MF2 s/n:3BAA9000,9510,Port:10,0,Enabled,0.126131,0.0490671,-0.0440789,0.989819,2.98213,-0.78881,-63.5819,0.0173754,0,1685629203,999835685
1,NDI-MF2 s/n:3BAA9000,9518,Port:10,0,Enabled,0.126473,0.0484351,-0.0442088,0.9898,2.76552,-0.852107,-63.4598,0.0142126,0,1685629204,24829706
1,NDI-MF2 s/n:3BAA9000,9526,Port:10,0,Enabled,0.127672,0.0475621,-0.0451433,0.989647,2.50285,-0.809131,-63.0652,0.0100912,0,1685629204,49839175
1,NDI-MF2 s/n:3BAA9000,9534,Port:10,0,Enabled,0.128278,0.0470394,-0.0457107,0.989567,2.26273,-0.840574,-62.8216,0.0150292,0,1685629204,74803471
1,NDI-MF2 s/n:3BAA9000,9542,Port:10,0,Enabled,0.128031,0.0470357,-0.0453629,0.989615,2.05321,-0.930834,-62.7781,0.0239657,0,1685629204,99833603
1,NDI-MF2 s/n:3BAA9000,9550,Port:10,0,Enabled,0.12891,0.0460463,-0.0456111,0.989536,1.85027,-1.00578,-62.6059,0.0167574,0,1685629204,124884151
1,NDI-MF2 s/n:3BAA9000,9558,Port:10,0,Enabled,0.129329,0.0454872,-0.046113,0.989484,1.69402,-1.08024,-62.3432,0.0152479,0,1685629204,149789282
1,NDI-MF2 s/n:3BAA9000,9566,Port:10,0,Enabled,0.130129,0.0448294,-0.0469906,0.989368,1.53068,-1.11815,-62.0639,0.0208696,0,1685629204,174830836
1,NDI-MF2 s/n:3BAA9000,9574,Port:10,0,Enabled,0.130314,0.0447714,-0.0463076,0.989378,1.27775,-1.256,-61.8854,0.0262424,0,1685629204,199794359
1,NDI-MF2 s/n:3BAA9000,9582,Port:10,0,Enabled,0.131157,0.0443091,-0.0460676,0.989299,1.06314,-1.32777,-61.7072,0.02794,0,1685629204,223829954
1,NDI-MF2 s/n:3BAA9000,9590,Port:10,0,Enabled,0.132536,0.0430926,-0.0471989,0.989116,0.889402,-1.33193,-61.3951,0.0195953,0,1685629204,249794859
1,NDI-MF2 s/n:3BAA9000,9598,Port:10,0,Enabled,0.13285,0.0426435,-0.047546,0.989076,0.691624,-1.39849,-61.2508,0.0213213,0,1685629204,274762939
1,NDI-MF2 s/n:3BAA9000,9606,Port:10,0,Enabled,0.132445,0.0426135,-0.0472705,0.989145,0.40275,-1.57593,-61.2029,0.0282842,0,1685629204,299763603
1,NDI-MF2 s/n:3BAA9000,9614,Port:10,0,Enabled,0.132834,0.0420527,-0.0469858,0.989131,0.108048,-1.72139,-61.1003,0.0268449,0,1685629204,323807999
1,NDI-MF2 s/n:3BAA9000,9622,Port:10,0,Enabled,0.133765,0.0409211,-0.0475988,0.989023,-0.113653,-1.77213,-60.8214,0.018621,0,1685629204,348853290
1,NDI-MF2 s/n:3BAA9000,9630,Port:10,0,Enabled,0.134768,0.0397247,-0.0492602,0.988854,-0.261301,-1.76416,-60.5218,0.0161448,0,1685629204,373830216
1,NDI-MF2 s/n:3BAA9000,9638,Port:10,0,Enabled,0.135107,0.0394618,-0.0491448,0.988825,-0.480075,-1.90745,-60.2925,0.0199117,0,1685629204,398797769
1,NDI-MF2 s/n:3BAA9000,9646,Port:10,0,Enabled,0.134771,0.0400205,-0.0473988,0.988933,-0.670804,-2.14526,-60.275,0.0260159,0,1685629204,423791749
1,NDI-MF2 s/n:3BAA9000,9654,Port:10,0,Enabled,0.136398,0.0387659,-0.0480037,0.988731,-0.835847,-2.13777,-60.0113,0.020083,0,1685629204,448800498
1,NDI-MF2 s/n:3BAA9000,9662,Port:10,0,Enabled,0.136872,0.0379139,-0.0488954,0.988654,-0.900146,-2.12229,-59.9374,0.0189032,0,1685629204,473807081
1,NDI-MF2 s/n:3BAA9000,9670,Port:10,0,Enabled,0.136604,0.0378715,-0.0484794,0.988714,-1.10852,-2.20974,-59.8385,0.0219906,0,1685629204,498770192
1,NDI-MF2 s/n:3BAA9000,9678,Port:10,0,Enabled,0.13768,0.0370663,-0.0482266,0.988607,-1.40885,-2.32665,-59.6665,0.0180602,0,1685629204,523774415
1,NDI-MF2 s/n:3BAA9000,9686,Port:10,0,Enabled,0.139091,0.0354072,-0.049805,0.988392,-1.62117,-2.34278,-59.4214,0.0076805,0,1685629204,548837965
1,NDI-MF2 s/n:3BAA9000,9694,Port:10,0,Enabled,0.14009,0.0339193,-0.0519066,0.988196,-1.80343,-2.30383,-59.0628,0.0195117,0,1685629204,573837943
1,NDI-MF2 s/n:3BAA9000,9702,Port:10,0,Enabled,0.140378,0.0342589,-0.0509089,0.988195,-2.10369,-2.32924,-58.8845,0.0259012,0,1685629204,598767955
1,NDI-MF2 s/n:3BAA9000,9710,Port:10,0,Enabled,0.139468,0.0358212,-0.0475756,0.988434,-2.50623,-2.44543,-58.9241,0.0372351,0,1685629204,623756022
1,NDI-MF2 s/n:3BAA9000,9718,Port:10,0,Enabled,0.140307,0.0343918,-0.0482125,0.988335,-2.76542,-2.40814,-58.6577,0.0226652,0,1685629204,648755974
1,NDI-MF2 s/n:3BAA9000,9726,Port:10,0,Enabled,0.141299,0.0328388,-0.0500307,0.988156,-2.85747,-2.34236,-58.4048,0.0124335,0,1685629204,673766030
1,NDI-MF2 s/n:3BAA9000,9734,Port:10,0,Enabled,0.142011,0.0324393,-0.0501585,0.988062,-3.02772,-2.43393,-58.2611,0.0167478,0,1685629204,698757831
1,NDI-MF2 s/n:3BAA9000,9742,Port:10,0,Enabled,0.143048,0.0317331,-0.0501676,0.987934,-3.26877,-2.57524,-58.1208,0.0166599,0,1685629204,723701067
1,NDI-MF2 s/n:3BAA9000,9750,Port:10,0,Enabled,0.143987,0.0301089,-0.0520573,0.987751,-3.46957,-2.64109,-57.8729,0.0139309,0,1685629204,748755701
1,NDI-MF2 s/n:3BAA9000,9758,Port:10,0,Enabled,0.145006,0.0288426,-0.0534861,0.987563,-3.655,-2.66007,-57.5588,0.0250869,0,1685629204,773732349
1,NDI-MF2 s/n:3BAA9000,9766,Port:10,0,Enabled,0.145064,0.0294912,-0.0518911,0.987621,-3.96324,-2.75177,-57.3494,0.0257463,0,1685629204,798729419
1,NDI-MF2 s/n:3BAA9000,9774,Port:10,0,Enabled,0.145285,0.029786,-0.0505268,0.98765,-4.25893,-2.73828,-57.2314,0.0271706,0,1685629204,823801758
1,NDI-MF2 s/n:3BAA9000,9782,Port:10,0,Enabled,0.146971,0.0275842,-0.0523745,0.987368,-4.47875,-2.65757,-56.9283,0.0182601,0,1685629204,848732754
1,NDI-MF2 s/n:3BAA9000,9790,Port:10,0,Enabled,0.147785,0.026496,-0.0535366,0.987214,-4.6538,-2.65436,-56.7531,0.0253693,0,1685629204,873706149
1,NDI-MF2 s/n:3BAA9000,9798,Port:10,0,Enabled,0.14703,0.0273814,-0.0519325,0.987388,-4.95593,-2.7616,-56.6719,0.0247803,0,1685629204,898692588
1,NDI-MF2 s/n:3BAA9000,9806,Port:10,0,Enabled,0.146959,0.0279708,-0.0497078,0.987497,-5.32419,-2.77024,-56.5287,0.0279212,0,1685629204,923671078
1,NDI-MF2 s/n:3BAA9000,9814,Port:10,0,Enabled,0.148287,0.0260984,-0.0517239,0.987246,-5.44438,-2.70778,-56.2918,0.0170348,0,1685629204,948803427
1,NDI-MF2 s/n:3BAA9000,9822,Port:10,0,Enabled,0.14996,0.0235815,-0.0551005,0.986874,-5.52277,-2.69337,-56.0332,0.0330892,0,1685629204,973707110
1,NDI-MF2 s/n:3BAA9000,9830,Port:10,0,Enabled,0.149401,0.0248617,-0.0524391,0.987072,-5.87097,-2.85587,-55.9225,0.0267846,0,1685629204,998695902
1,NDI-MF2 s/n:3BAA9000,9838,Port:10,0,Enabled,0.148171,0.0270976,-0.0480778,0.987421,-6.30032,-2.98072,-55.8547,0.0419376,0,1685629205,23653354
1,NDI-MF2 s/n:3BAA9000,9846,Port:10,0,Enabled,0.149459,0.0252691,-0.0495479,0.987202,-6.51956,-2.87834,-55.6325,0.0289095,0,1685629205,48647861
1,NDI-MF2 s/n:3BAA9000,9854,Port:10,0,Enabled,0.150888,0.0225478,-0.0532116,0.98686,-6.58598,-2.83375,-55.4193,0.0116619,0,1685629205,73670750
1,NDI-MF2 s/n:3BAA9000,9862,Port:10,0,Enabled,0.150933,0.0224925,-0.0531916,0.986856,-6.75923,-2.91961,-55.2651,0.0191322,0,1685629205,98647629
1,NDI-MF2 s/n:3BAA9000,9870,Port:10,0,Enabled,0.150918,0.0234509,-0.0505928,0.986972,-7.08495,-3.01252,-55.0822,0.0243094,0,1685629205,123662691
1,NDI-MF2 s/n:3BAA9000,9878,Port:10,0,Enabled,0.15182,0.0230694,-0.0496281,0.986892,-7.37538,-2.97065,-54.9175,0.0321106,0,1685629205,148643898
1,NDI-MF2 s/n:3BAA9000,9886,Port:10,0,Enabled,0.153307,0.020224,-0.0532567,0.986535,-7.46359,-2.94224,-54.7349,0.00694872,0,1685629205,173654625
1,NDI-MF2 s/n:3BAA9000,9894,Port:10,0,Enabled,0.153548,0.0198664,-0.0533989,0.986498,-7.7233,-2.98505,-54.5826,0.0110862,0,1685629205,198634433
1,NDI-MF2 s/n:3BAA9000,9902,Port:10,0,Enabled,0.154108,0.0197709,-0.0525698,0.986457,-8.02102,-2.94437,-54.4217,0.0135133,0,1685629205,223610689
1,NDI-MF2 s/n:3BAA9000,9910,Port:10,0,Enabled,0.155317,0.0183983,-0.0537089,0.986232,-8.12509,-2.88395,-54.2767,0.0102476,0,1685629205,248637703
1,NDI-MF2 s/n:3BAA9000,9918,Port:10,0,Enabled,0.157618,0.0153027,-0.0573512,0.985715,-8.21964,-2.80503,-54.1234,0.0339847,0,1685629205,273648065
1,NDI-MF2 s/n:3BAA9000,9926,Port:10,0,Enabled,0.157899,0.0150825,-0.0572102,0.985681,-8.45811,-2.84328,-54.0289,0.0362654,0,1685629205,298606795
1,NDI-MF2 s/n:3BAA9000,9934,Port:10,0,Enabled,0.156993,0.017325,-0.0530233,0.986023,-8.7886,-2.9565,-53.8915,0.0180076,0,1685629205,323599164
1,NDI-MF2 s/n:3BAA9000,9942,Port:10,0,Enabled,0.15742,0.0172907,-0.0517049,0.986026,-9.08214,-2.96499,-53.7046,0.0205217,0,1685629205,348631143
1,NDI-MF2 s/n:3BAA9000,9950,Port:10,0,Enabled,0.159798,0.0131407,-0.0572109,0.985403,-9.15451,-2.84708,-53.5325,0.0325563,0,1685629205,373665895
1,NDI-MF2 s/n:3BAA9000,9958,Port:10,0,Enabled,0.159813,0.0133148,-0.0564884,0.98544,-9.45389,-2.88554,-53.4152,0.0356445,0,1685629205,398613395
1,NDI-MF2 s/n:3BAA9000,9966,Port:10,0,Enabled,0.157699,0.0171847,-0.050009,0.98607,-9.95981,-3.11784,-53.2444,0.0315388,0,1685629205,423604225
1,NDI-MF2 s/n:3BAA9000,9974,Port:10,0,Enabled,0.158066,0.0171158,-0.0488105,0.986073,-10.2193,-3.16881,-53.0157,0.040387,0,1685629205,448592061
1,NDI-MF2 s/n:3BAA9000,9982,Port:10,0,Enabled,0.161108,0.0122661,-0.0548718,0.985334,-10.2175,-3.02033,-52.8666,0.0106474,0,1685629205,473594313
1,NDI-MF2 s/n:3BAA9000,9990,Port:10,0,Enabled,0.162366,0.00964199,-0.0588586,0.984926,-10.2751,-2.97226,-52.7895,0.0459636,0,1685629205,498532826
1,NDI-MF2 s/n:3BAA9000,9998,Port:10,0,Enabled,0.161588,0.0119314,-0.0544512,0.985283,-10.672,-3.02465,-52.5884,0.0198912,0,1685629205,523546844
1,NDI-MF2 s/n:3BAA9000,10006,Port:10,0,Enabled,0.161156,0.014134,-0.0496087,0.98558,-11.084,-3.11977,-52.3488,0.0365604,0,1685629205,548564175
1,NDI-MF2 s/n:3BAA9000,10014,Port:10,0,Enabled,0.163634,0.00986966,-0.0551755,0.984928,-11.0632,-3.04201,-52.282,0.0108553,0,1685629205,573556637
1,NDI-MF2 s/n:3BAA9000,10022,Port:10,0,Enabled,0.165029,0.00725047,-0.0585951,0.98452,-11.1412,-2.90402,-52.2089,0.042896,0,1685629205,598601093
1,NDI-MF2 s/n:3BAA9000,10030,Port:10,0,Enabled,0.16349,0.0103305,-0.0535281,0.985038,-11.6114,-2.90802,-52.0326,0.0164654,0,1685629205,623514866
1,NDI-MF2 s/n:3BAA9000,10038,Port:10,0,Enabled,0.163403,0.0111528,-0.0508036,0.985188,-12.0281,-2.92655,-51.6952,0.0227194,0,1685629205,648531212
1,NDI-MF2 s/n:3BAA9000,10046,Port:10,0,Enabled,0.165039,0.00859353,-0.0534462,0.9848,-12.1185,-2.94544,-51.4958,0.00798414,0,1685629205,673544849
1,NDI-MF2 s/n:3BAA9000,10054,Port:10,0,Enabled,0.166989,0.00532179,-0.0582579,0.984222,-12.0688,-2.87421,-51.5183,0.0417586,0,1685629205,698507498
1,NDI-MF2 s/n:3BAA9000,10062,Port:10,0,Enabled,0.166512,0.00711965,-0.054566,0.984503,-12.3598,-2.92515,-51.3818,0.0131873,0,1685629205,723528578
1,NDI-MF2 s/n:3BAA9000,10070,Port:10,0,Enabled,0.166178,0.0089402,-0.0504131,0.984766,-12.7706,-2.92035,-51.1465,0.0295529,0,1685629205,748496197
1,NDI-MF2 s/n:3BAA9000,10078,Port:10,0,Enabled,0.169247,0.00367006,-0.0573616,0.983896,-12.7339,-2.7116,-51.1201,0.0279718,0,1685629205,773514271
1,NDI-MF2 s/n:3BAA9000,10086,Port:10,0,Enabled,0.171434,-0.000248939,-0.062134,0.983235,-12.859,-2.59779,-51.0005,0.0719474,0,1685629205,798487508
1,NDI-MF2 s/n:3BAA9000,10094,Port:10,0,Enabled,0.16943,0.0037934,-0.0554465,0.983974,-13.426,-2.68224,-50.693,0.028504,0,1685629205,823472948
1,NDI-MF2 s/n:3BAA9000,10102,Port:10,0,Enabled,0.169615,0.00471628,-0.0527582,0.984086,-13.7325,-2.63125,-50.4803,0.0144271,0,1685629205,848473966
1,NDI-MF2 s/n:3BAA9000,10110,Port:10,0,Enabled,0.17183,0.00196544,-0.0556109,0.983554,-13.7687,-2.47704,-50.4389,0.0173161,0,1685629205,873481929
1,NDI-MF2 s/n:3BAA9000,10118,Port:10,0,Enabled,0.17356,-0.00178401,-0.0607594,0.982946,-13.8087,-2.43386,-50.389,0.0584651,0,1685629205,897538715
1,NDI-MF2 s/n:3BAA9000,10126,Port:10,0,Enabled,0.172514,0.000653015,-0.0563083,0.983396,-14.2029,-2.44938,-50.1051,0.030804,0,1685629205,923452005
1,NDI-MF2 s/n:3BAA9000,10134,Port:10,0,Enabled,0.171613,0.00367175,-0.0506194,0.983856,-14.6618,-2.40944,-49.7849,0.0259381,0,1685629205,947479156
1,NDI-MF2 s/n:3BAA9000,10142,Port:10,0,Enabled,0.174323,-0.00144733,-0.0571012,0.98303,-14.6279,-2.23138,-49.8107,0.0297329,0,1685629205,973425226
1,NDI-MF2 s/n:3BAA9000,10150,Port:10,0,Enabled,0.17652,-0.00532379,-0.0618557,0.982337,-14.6859,-2.10902,-49.8249,0.0709228,0,1685629205,997522232
1,NDI-MF2 s/n:3BAA9000,10158,Port:10,0,Enabled,0.176026,-0.00374453,-0.0586853,0.982628,-15.0722,-2.24389,-49.5356,0.0465983,0,1685629206,22500898
1,NDI-MF2 s/n:3BAA9000,10166,Port:10,0,Enabled,0.176657,-0.0037387,-0.0574416,0.982588,-15.2408,-2.27713,-49.376,0.0364393,0,1685629206,47527338
1,NDI-MF2 s/n:3BAA9000,10174,Port:10,0,Enabled,0.17794,-0.00480399,-0.0576856,0.982337,-15.3858,-2.12952,-49.3494,0.0388691,0,1685629206,72489237
1,NDI-MF2 s/n:3BAA9000,10182,Port:10,0,Enabled,0.179612,-0.00804905,-0.0625658,0.981713,-15.4072,-2.07214,-49.5084,0.0792003,0,1685629206,97499132
1,NDI-MF2 s/n:3BAA9000,10190,Port:10,0,Enabled,0.181336,-0.0130558,-0.0729815,0.980622,-15.4211,-2.05645,-49.9584,0.116239,0,1685629206,122490740
1,NDI-MF2 s/n:3BAA9000,10198,Port:10,0,Enabled,0.179157,-0.0104435,-0.0661531,0.981538,-15.6421,-2.43891,-49.346,0.0922249,0,1685629206,147511446
1,NDI-MF2 s/n:3BAA9000,10206,Port:10,0,Enabled,0.181094,-0.0115658,-0.0649918,0.981248,-15.6999,-2.36663,-49.1512,0.101703,0,1685629206,172474762
1,NDI-MF2 s/n:3BAA9000,10214,Port:10,0,Enabled,0.181032,-0.00932464,-0.0608976,0.981546,-16.0399,-2.22008,-49.0187,0.0771438,0,1685629206,197440506
1,NDI-MF2 s/n:3BAA9000,10222,Port:10,0,Enabled,0.179709,-0.00551153,-0.0542708,0.982206,-16.505,-2.26762,-48.689,0.0344404,0,1685629206,222450195
1,NDI-MF2 s/n:3BAA9000,10230,Port:10,0,Enabled,0.179922,-0.00238024,-0.0487352,0.98247,-17.0668,-2.01083,-48.3781,0.0484902,0,1685629206,247452977
1,NDI-MF2 s/n:3BAA9000,10238,Port:10,0,Enabled,0.182703,-0.00959297,-0.0605961,0.981252,-17.0287,-1.98561,-48.7234,0.0462893,0,1685629206,272465891
1,NDI-MF2 s/n:3BAA9000,10246,Port:10,0,Enabled,0.183012,-0.0120946,-0.0616074,0.981104,-17.2115,-1.98388,-48.3827,0.0666043,0,1685629206,297465768
1,NDI-MF2 s/n:3BAA9000,10254,Port:10,0,Enabled,0.182341,-0.00901538,-0.0546685,0.981673,-17.651,-1.67209,-48.0104,0.024858,0,1685629206,322448261
1,NDI-MF2 s/n:3BAA9000,10262,Port:10,0,Enabled,0.182968,-0.00912129,-0.0533341,0.981629,-17.9167,-1.53602,-47.8307,0.0148383,0,1685629206,347406756
1,NDI-MF2 s/n:3BAA9000,10270,Port:10,0,Enabled,0.185012,-0.012118,-0.0567685,0.981021,-17.9781,-1.48162,-47.8583,0.043068,0,1685629206,372404874
1,NDI-MF2 s/n:3BAA9000,10278,Port:10,0,Enabled,0.185731,-0.0125392,-0.0571665,0.980856,-18.146,-1.50931,-47.7562,0.0435161,0,1685629206,397409694
1,NDI-MF2 s/n:3BAA9000,10286,Port:10,0,Enabled,0.185336,-0.0116398,-0.0548966,0.981072,-18.3892,-1.49713,-47.4987,0.0285198,0,1685629206,422461720
1,NDI-MF2 s/n:3BAA9000,10294,Port:10,0,Enabled,0.186291,-0.0126164,-0.0549632,0.980875,-18.6239,-1.3737,-47.3314,0.0250934,0,1685629206,447412397
1,NDI-MF2 s/n:3BAA9000,10302,Port:10,0,Enabled,0.187867,-0.0155536,-0.0585305,0.980326,-18.6417,-1.22227,-47.4298,0.0545115,0,1685629206,472418028
1,NDI-MF2 s/n:3BAA9000,10310,Port:10,0,Enabled,0.188618,-0.0168329,-0.0592824,0.980115,-18.8204,-1.20231,-47.3498,0.0667588,0,1685629206,497416370
1,NDI-MF2 s/n:3BAA9000,10318,Port:10,0,Enabled,0.188359,-0.0154463,-0.0566313,0.980344,-19.229,-1.15449,-47.1252,0.0434517,0,1685629206,522428092
1,NDI-MF2 s/n:3BAA9000,10326,Port:10,0,Enabled,0.188091,-0.013854,-0.0529746,0.980624,-19.5849,-0.992124,-46.8591,0.0128734,0,1685629206,547408330
1,NDI-MF2 s/n:3BAA9000,10334,Port:10,0,Enabled,0.190459,-0.0182863,-0.0578865,0.979817,-19.5618,-0.757308,-46.968,0.049897,0,1685629206,572408108
1,NDI-MF2 s/n:3BAA9000,10342,Port:10,0,Enabled,0.192004,-0.0211239,-0.0609968,0.979269,-19.6366,-0.62995,-47.0197,0.0776581,0,1685629206,597407546
1,NDI-MF2 s/n:3BAA9000,10350,Port:10,0,Enabled,0.191203,-0.0192278,-0.0573258,0.979687,-20.047,-0.622549,-46.696,0.0583264,0,1685629206,622441150
1,NDI-MF2 s/n:3BAA9000,10358,Port:10,0,Enabled,0.19063,-0.0166183,-0.0525718,0.980112,-20.4712,-0.420901,-46.3259,0.0210028,0,1685629206,647379680
1,NDI-MF2 s/n:3BAA9000,10366,Port:10,0,Enabled,0.191654,-0.0176829,-0.0535275,0.979842,-20.5954,-0.229101,-46.2739,0.0215849,0,1685629206,672346182
1,NDI-MF2 s/n:3BAA9000,10374,Port:10,0,Enabled,0.193337,-0.0208562,-0.057018,0.979252,-20.5757,-0.140868,-46.3275,0.0473157,0,1685629206,697343452
1,NDI-MF2 s/n:3BAA9000,10382,Port:10,0,Enabled,0.193639,-0.0210417,-0.0561346,0.97924,-20.771,-0.1589,-46.1604,0.044847,0,1685629206,722362809
1,NDI-MF2 s/n:3BAA9000,10390,Port:10,0,Enabled,0.19346,-0.0197598,-0.0534465,0.979452,-21.0956,-0.123219,-45.9228,0.0248794,0,1685629206,747359561
1,NDI-MF2 s/n:3BAA9000,10398,Port:10,0,Enabled,0.195026,-0.022251,-0.0556704,0.978964,-21.2036,0.0574903,-45.9345,0.0388239,0,1685629206,772348639
1,NDI-MF2 s/n:3BAA9000,10406,Port:10,0,Enabled,0.196347,-0.0245095,-0.0581053,0.978505,-21.3501,0.200865,-45.9521,0.0590912,0,1685629206,797335051
1,NDI-MF2 s/n:3BAA9000,10414,Port:10,0,Enabled,0.195598,-0.0224528,-0.0543395,0.97892,-21.7455,0.193963,-45.6142,0.0362849,0,1685629206,822303675
1,NDI-MF2 s/n:3BAA9000,10422,Port:10,0,Enabled,0.196037,-0.0223809,-0.0532561,0.978894,-21.9915,0.359362,-45.4244,0.0268028,0,1685629206,847327737
1,NDI-MF2 s/n:3BAA9000,10430,Port:10,0,Enabled,0.19719,-0.0244108,-0.055104,0.978512,-22.0872,0.568363,-45.4235,0.0397966,0,1685629206,872309364
1,NDI-MF2 s/n:3BAA9000,10438,Port:10,0,Enabled,0.198395,-0.0268292,-0.0573257,0.978076,-22.1883,0.688065,-45.4113,0.0583912,0,1685629206,897328463
1,NDI-MF2 s/n:3BAA9000,10446,Port:10,0,Enabled,0.198713,-0.0268252,-0.0565943,0.978054,-22.4515,0.801793,-45.2696,0.0534701,0,1685629206,922320500
1,NDI-MF2 s/n:3BAA9000,10454,Port:10,0,Enabled,0.19873,-0.0257618,-0.0538634,0.978234,-22.7766,0.894906,-44.997,0.0306204,0,1685629206,947306435
1,NDI-MF2 s/n:3BAA9000,10462,Port:10,0,Enabled,0.200155,-0.0282887,-0.0560272,0.977752,-22.8518,1.07897,-45.0037,0.0467674,0,1685629206,972284095
1,NDI-MF2 s/n:3BAA9000,10470,Port:10,0,Enabled,0.200808,-0.0291413,-0.0562812,0.977579,-23.0226,1.19052,-44.9358,0.0517984,0,1685629206,997282359
1,NDI-MF2 s/n:3BAA9000,10478,Port:10,0,Enabled,0.200524,-0.0279576,-0.0540148,0.977799,-23.3072,1.21207,-44.7359,0.0401433,0,1685629207,22307564
1,NDI-MF2 s/n:3BAA9000,10486,Port:10,0,Enabled,0.200723,-0.0275238,-0.0527818,0.977838,-23.576,1.25544,-44.5595,0.0294025,0,1685629207,47383253
1,NDI-MF2 s/n:3BAA9000,10494,Port:10,0,Enabled,0.20232,-0.0294072,-0.0550596,0.977328,-23.7405,1.49241,-44.5598,0.0354604,0,1685629207,72294446
1,NDI-MF2 s/n:3BAA9000,10502,Port:10,0,Enabled,0.20262,-0.0298339,-0.0540309,0.97731,-23.9225,1.59741,-44.3781,0.0320126,0,1685629207,97325386
1,NDI-MF2 s/n:3BAA9000,10510,Port:10,0,Enabled,0.202324,-0.0280469,-0.0503339,0.977622,-24.2783,1.62445,-44.0664,0.0143434,0,1685629207,122274657
1,NDI-MF2 s/n:3BAA9000,10518,Port:10,0,Enabled,0.203281,-0.0288243,-0.0507121,0.977382,-24.4217,1.7392,-44.0223,0.0213604,0,1685629207,147265445
1,NDI-MF2 s/n:3BAA9000,10526,Port:10,0,Enabled,0.205297,-0.0326546,-0.0555511,0.976576,-24.4113,1.95206,-44.2504,0.046678,0,1685629207,172235008
1,NDI-MF2 s/n:3BAA9000,10534,Port:10,0,Enabled,0.207013,-0.0361735,-0.0593292,0.975867,-24.3397,2.04693,-44.3788,0.069095,0,1685629207,197230460
1,NDI-MF2 s/n:3BAA9000,10542,Port:10,0,Enabled,0.205957,-0.0335452,-0.053839,0.976503,-24.5823,1.8863,-44.0028,0.0429858,0,1685629207,222228079
1,NDI-MF2 s/n:3BAA9000,10550,Port:10,0,Enabled,0.20656,-0.0328341,-0.0516939,0.976515,-24.8067,2.00692,-43.7945,0.0268172,0,1685629207,247200802
1,NDI-MF2 s/n:3BAA9000,10558,Port:10,0,Enabled,0.208009,-0.0346813,-0.0538132,0.97603,-24.8915,2.20309,-43.832,0.0382546,0,1685629207,272287540
1,NDI-MF2 s/n:3BAA9000,10566,Port:10,0,Enabled,0.209261,-0.0370896,-0.0560361,0.975548,-24.9383,2.47584,-43.8919,0.0545062,0,1685629207,297214989
1,NDI-MF2 s/n:3BAA9000,10574,Port:10,0,Enabled,0.20887,-0.0358092,-0.0533776,0.975829,-25.2072,2.6287,-43.6876,0.0430137,0,1685629207,322220651
1,NDI-MF2 s/n:3BAA9000,10582,Port:10,0,Enabled,0.209668,-0.0366655,-0.0534129,0.975624,-25.3675,2.85461,-43.6104,0.0412528,0,1685629207,347195272
1,NDI-MF2 s/n:3BAA9000,10590,Port:10,0,Enabled,0.211719,-0.0400691,-0.0569781,0.974845,-25.4233,3.09231,-43.7014,0.059898,0,1685629207,372245665
1,NDI-MF2 s/n:3BAA9000,10598,Port:10,0,Enabled,0.212248,-0.0407973,-0.0564751,0.974729,-25.708,3.2096,-43.5563,0.0595079,0,1685629207,397187772
1,NDI-MF2 s/n:3BAA9000,10606,Port:10,0,Enabled,0.211492,-0.0388974,-0.0523681,0.975201,-26.0823,3.31521,-43.2366,0.041704,0,1685629207,422163439
1,NDI-MF2 s/n:3BAA9000,10614,Port:10,0,Enabled,0.211508,-0.0375737,-0.0500611,0.97537,-26.4084,3.49368,-43.0314,0.0277804,0,1685629207,446227418
1,NDI-MF2 s/n:3BAA9000,10622,Port:10,0,Enabled,0.213149,-0.0403271,-0.0533832,0.974726,-26.5013,3.61725,-43.0994,0.0429792,0,1685629207,472167894
1,NDI-MF2 s/n:3BAA9000,10630,Port:10,0,Enabled,0.213312,-0.0401915,-0.052242,0.974758,-26.7735,3.822,-42.9405,0.0371329,0,1685629207,497159213
1,NDI-MF2 s/n:3BAA9000,10638,Port:10,0,Enabled,0.213008,-0.0389564,-0.049473,0.975019,-27.143,4.0674,-42.6552,0.0223451,0,1685629207,521214395
1,NDI-MF2 s/n:3BAA9000,10646,Port:10,0,Enabled,0.213605,-0.0394242,-0.0492413,0.974882,-27.2964,4.18624,-42.5286,0.023086,0,1685629207,546220609
1,NDI-MF2 s/n:3BAA9000,10654,Port:10,0,Enabled,0.2158,-0.043265,-0.0536932,0.974,-27.2639,4.37992,-42.6641,0.0469453,0,1685629207,571226116
1,NDI-MF2 s/n:3BAA9000,10662,Port:10,0,Enabled,0.216325,-0.043825,-0.0533345,0.973878,-27.4343,4.48219,-42.5445,0.0447929,0,1685629207,596200652
1,NDI-MF2 s/n:3BAA9000,10670,Port:10,0,Enabled,0.215573,-0.0418816,-0.0495331,0.974331,-27.7939,4.60545,-42.25,0.02557,0,1685629207,621197920
1,NDI-MF2 s/n:3BAA9000,10678,Port:10,0,Enabled,0.216125,-0.042233,-0.0492572,0.974208,-28.0256,4.82473,-42.152,0.0266178,0,1685629207,646218694
1,NDI-MF2 s/n:3BAA9000,10686,Port:10,0,Enabled,0.217715,-0.0444724,-0.051824,0.97362,-28.0364,4.91938,-42.2267,0.0394874,0,1685629207,671202278
1,NDI-MF2 s/n:3BAA9000,10694,Port:10,0,Enabled,0.218294,-0.0448516,-0.0512983,0.973501,-28.1674,4.91907,-42.1612,0.0371469,0,1685629207,696173864
1,NDI-MF2 s/n:3BAA9000,10702,Port:10,0,Enabled,0.218414,-0.044419,-0.0495399,0.973585,-28.319,4.99125,-42.0308,0.0297188,0,1685629207,721186128
1,NDI-MF2 s/n:3BAA9000,10710,Port:10,0,Enabled,0.218206,-0.0431202,-0.047,0.973816,-28.5629,5.22731,-41.864,0.0211177,0,1685629207,746174539
1,NDI-MF2 s/n:3BAA9000,10718,Port:10,0,Enabled,0.219225,-0.0444257,-0.04784,0.973488,-28.6555,5.55524,-41.8875,0.0274446,0,1685629207,771205328
1,NDI-MF2 s/n:3BAA9000,10726,Port:10,0,Enabled,0.220295,-0.0462349,-0.0493446,0.973087,-28.7083,5.76357,-41.9305,0.0346889,0,1685629207,796248877
1,NDI-MF2 s/n:3BAA9000,10734,Port:10,0,Enabled,0.220966,-0.0470885,-0.0488856,0.972917,-28.7529,5.89916,-41.8331,0.0331613,0,1685629207,821176008
1,NDI-MF2 s/n:3BAA9000,10742,Port:10,0,Enabled,0.221525,-0.046551,-0.0478674,0.972866,-28.9833,6.121,-41.6556,0.0293557,0,1685629207,846258793
1,NDI-MF2 s/n:3BAA9000,10750,Port:10,0,Enabled,0.222692,-0.0481261,-0.0495617,0.972438,-29.087,6.29041,-41.644,0.0361654,0,1685629207,871241042
1,NDI-MF2 s/n:3BAA9000,10758,Port:10,0,Enabled,0.223937,-0.0501501,-0.0505975,0.971997,-29.0812,6.50578,-41.6778,0.0421955,0,1685629207,896201981
1,NDI-MF2 s/n:3BAA9000,10766,Port:10,0,Enabled,0.223047,-0.0478805,-0.0469026,0.972501,-29.4176,6.68519,-41.476,0.0301686,0,1685629207,921162272
1,NDI-MF2 s/n:3BAA9000,10774,Port:10,0,Enabled,0.222845,-0.0467467,-0.0440193,0.972737,-29.6867,6.83128,-41.2932,0.018866,0,1685629207,946137152
1,NDI-MF2 s/n:3BAA9000,10782,Port:10,0,Enabled,0.225698,-0.051618,-0.0499734,0.971545,-29.6766,7.14409,-41.4843,0.0454476,0,1685629207,971181739
1,NDI-MF2 s/n:3BAA9000,10790,Port:10,0,Enabled,0.227054,-0.053656,-0.0519766,0.971013,-29.8288,7.28241,-41.4996,0.054364,0,1685629207,996114724
1,NDI-MF2 s/n:3BAA9000,10798,Port:10,0,Enabled,0.226318,-0.0519187,-0.0482017,0.971474,-30.1342,7.37542,-41.2406,0.0381332,0,1685629208,21117869
1,NDI-MF2 s/n:3BAA9000,10806,Port:10,0,Enabled,0.225335,-0.0496654,-0.044465,0.971998,-30.5541,7.59043,-40.9281,0.0281319,0,1685629208,46095287
1,NDI-MF2 s/n:3BAA9000,10814,Port:10,0,Enabled,0.225747,-0.049602,-0.043931,0.97193,-30.7837,7.80657,-40.8259,0.0266259,0,1685629208,71217489
1,NDI-MF2 s/n:3BAA9000,10822,Port:10,0,Enabled,0.22751,-0.052368,-0.046393,0.971259,-30.7253,8.06286,-40.9176,0.0349541,0,1685629208,96153511
1,NDI-MF2 s/n:3BAA9000,10830,Port:10,0,Enabled,0.228503,-0.054003,-0.0477592,0.97087,-30.8323,8.35721,-40.9243,0.0454217,0,1685629208,121078916
1,NDI-MF2 s/n:3BAA9000,10838,Port:10,0,Enabled,0.229558,-0.05521,-0.048857,0.970499,-30.9234,8.53066,-40.9201,0.0487704,0,1685629208,146101675
1,NDI-MF2 s/n:3BAA9000,10846,Port:10,0,Missing,,,,,,,,,0,1685629208,177068507
1,NDI-MF2 s/n:3BAA9000,10854,Port:10,0,Enabled,0.229463,-0.0537555,-0.0437336,0.970848,-31.2798,8.71085,-40.5729,0.0280274,0,1685629208,202080343
1,NDI-MF2 s/n:3BAA9000,10862,Port:10,0,Enabled,0.228896,-0.0528891,-0.0422103,0.971096,-31.6254,8.88233,-40.4015,0.0287525,0,1685629208,221095881
1,NDI-MF2 s/n:3BAA9000,10870,Port:10,0,Enabled,0.228571,-0.0519878,-0.0409872,0.971274,-31.8888,9.06403,-40.2639,0.028846,0,1685629208,246100394
1,NDI-MF2 s/n:3BAA9000,10878,Port:10,0,Enabled,0.231341,-0.0558154,-0.0449306,0.970231,-31.7637,9.37123,-40.4223,0.0395175,0,1685629208,271046771
1,NDI-MF2 s/n:3BAA9000,10886,Port:10,0,Missing,,,,,,,,,0,1685629208,302002349
1,NDI-MF2 s/n:3BAA9000,10894,Port:10,0,Missing,,,,,,,,,0,1685629208,321011941
1,NDI-MF2 s/n:3BAA9000,10902,Port:10,0,Missing,,,,,,,,,0,1685629208,347020493
1,NDI-MF2 s/n:3BAA9000,10910,Port:10,0,Enabled,0.233008,-0.0568877,-0.0415046,0.969922,-32.4757,10.093,-39.9147,0.0319423,0,1685629208,377058991
1,NDI-MF2 s/n:3BAA9000,10918,Port:10,0,Enabled,0.231336,-0.0538812,-0.037876,0.970642,-32.8555,10,-39.626,0.0274475,0,1685629208,396006204
1,NDI-MF2 s/n:3BAA9000,10926,Port:10,0,Enabled,0.232215,-0.0550249,-0.0387938,0.970332,-33.0001,10.2575,-39.6473,0.0278837,0,1685629208,421035751
1,NDI-MF2 s/n:3BAA9000,10934,Port:10,0,Enabled,0.233959,-0.0573676,-0.0413295,0.969672,-33.032,10.6441,-39.6981,0.038065,0,1685629208,446003091
1,NDI-MF2 s/n:3BAA9000,10942,Port:10,0,Enabled,0.234532,-0.0574999,-0.0403991,0.969565,-33.1849,10.8876,-39.579,0.033373,0,1685629208,471032946
1,NDI-MF2 s/n:3BAA9000,10950,Port:10,0,Enabled,0.235006,-0.0573467,-0.0381715,0.96955,-33.2407,11.0099,-39.4499,0.022705,0,1685629208,496025297
1,NDI-MF2 s/n:3BAA9000,10958,Port:10,0,Enabled,0.234944,-0.0570219,-0.0371706,0.969623,-33.3334,11.1185,-39.3398,0.0267115,0,1685629208,521042119
1,NDI-MF2 s/n:3BAA9000,10966,Port:10,0,Enabled,0.23763,-0.0615695,-0.0437167,0.968417,-33.2998,11.5979,-39.545,0.0588634,0,1685629208,545983609
1,NDI-MF2 s/n:3BAA9000,10974,Port:10,0,Enabled,0.238788,-0.0626638,-0.0445164,0.968025,-33.4896,12.0399,-39.4997,0.0609842,0,1685629208,570967087
1,NDI-MF2 s/n:3BAA9000,10982,Port:10,0,Missing,,,,,,,,,0,1685629208,601973175
1,NDI-MF2 s/n:3BAA9000,10990,Port:10,0,Missing,,,,,,,,,0,1685629208,619973874
1,NDI-MF2 s/n:3BAA9000,10998,Port:10,0,Enabled,0.237495,-0.0601253,-0.0379768,0.968782,-34.0145,12.1837,-39.0325,0.0458358,0,1685629208,651989887
1,NDI-MF2 s/n:3BAA9000,11006,Port:10,0,Enabled,0.237409,-0.059824,-0.0373685,0.968846,-34.223,12.4415,-38.9781,0.0441934,0,1685629208,671022772
1,NDI-MF2 s/n:3BAA9000,11014,Port:10,0,Enabled,0.238111,-0.0594678,-0.0352911,0.968773,-34.3621,12.7896,-38.8948,0.030339,0,1685629208,695951034
1,NDI-MF2 s/n:3BAA9000,11022,Port:10,0,Enabled,0.239003,-0.0604226,-0.0360329,0.968467,-34.4139,12.9891,-38.8734,0.0357831,0,1685629208,720977697
1,NDI-MF2 s/n:3BAA9000,11030,Port:10,0,Enabled,0.239805,-0.061667,-0.0371701,0.968148,-34.4687,13.0928,-38.8528,0.0447147,0,1685629208,745943989
1,NDI-MF2 s/n:3BAA9000,11038,Port:10,0,Enabled,0.239941,-0.0616257,-0.0364733,0.968143,-34.6261,13.182,-38.7729,0.0444902,0,1685629208,770962906
1,NDI-MF2 s/n:3BAA9000,11046,Port:10,0,Enabled,0.241676,-0.0645527,-0.0399797,0.967382,-34.632,13.6178,-38.8133,0.0646339,0,1685629208,795982681
1,NDI-MF2 s/n:3BAA9000,11054,Port:10,0,Missing,,,,,,,,,0,1685629208,825979697
1,NDI-MF2 s/n:3BAA9000,11062,Port:10,0,Enabled,0.243011,-0.0649871,-0.0387441,0.967069,-34.8193,14.0846,-38.6799,0.0614292,0,1685629208,851010031
1,NDI-MF2 s/n:3BAA9000,11070,Port:10,0,Enabled,0.243152,-0.0650238,-0.0382064,0.967052,-34.831,14.0953,-38.6499,0.0620285,0,1685629208,870988027
1,NDI-MF2 s/n:3BAA9000,11078,Port:10,0,Enabled,0.241399,-0.0614909,-0.0321472,0.967942,-35.0878,14.1819,-38.4015,0.0389734,0,1685629208,895965862
1,NDI-MF2 s/n:3BAA9000,11086,Port:10,0,Enabled,0.242876,-0.0631161,-0.0340647,0.967403,-35.1987,14.5379,-38.4284,0.0466188,0,1685629208,920981548
1,NDI-MF2 s/n:3BAA9000,11094,Port:10,0,Missing,,,,,,,,,0,1685629208,951035002
1,NDI-MF2 s/n:3BAA9000,11102,Port:10,0,Enabled,0.245757,-0.067113,-0.0375459,0.966276,-35.1495,15.0068,-38.5184,0.070565,0,1685629208,976956203
1,NDI-MF2 s/n:3BAA9000,11110,Port:10,0,Enabled,0.24567,-0.066519,-0.0360278,0.966397,-35.3592,15.195,-38.412,0.0660161,0,1685629208,994980691
1,NDI-MF2 s/n:3BAA9000,11118,Port:10,0,Enabled,0.243584,-0.0640928,-0.0315267,0.967246,-35.7052,15.3458,-38.1274,0.0517262,0,1685629209,21085320
1,NDI-MF2 s/n:3BAA9000,11126,Port:10,0,Enabled,0.24292,-0.0634067,-0.0296381,0.967518,-35.8713,15.4781,-38.0093,0.0466051,0,1685629209,45860368
1,NDI-MF2 s/n:3BAA9000,11134,Port:10,0,Enabled,0.243629,-0.0636941,-0.0297614,0.967317,-35.9086,15.6264,-38.0232,0.0490337,0,1685629209,69991687
1,NDI-MF2 s/n:3BAA9000,11142,Port:10,0,Enabled,0.244223,-0.063719,-0.0291398,0.967185,-36.0467,15.8588,-37.9931,0.0484384,0,1685629209,95034028
1,NDI-MF2 s/n:3BAA9000,11150,Port:10,0,Enabled,0.244172,-0.0641027,-0.0288619,0.96718,-36.182,16.0874,-37.9498,0.0489644,0,1685629209,120013913
1,NDI-MF2 s/n:3BAA9000,11158,Port:10,0,Enabled,0.246227,-0.0657065,-0.0312562,0.966477,-36.2357,16.3695,-38.0353,0.0588222,0,1685629209,144927128
1,NDI-MF2 s/n:3BAA9000,11166,Port:10,0,Enabled,0.245959,-0.0655099,-0.0291015,0.966626,-36.3319,16.4853,-37.9224,0.0548284,0,1685629209,169916691
1,NDI-MF2 s/n:3BAA9000,11174,Port:10,0,Enabled,0.247209,-0.0670798,-0.0305412,0.966155,-36.3402,16.7644,-37.9546,0.0632453,0,1685629209,194928015
1,NDI-MF2 s/n:3BAA9000,11182,Port:10,0,Enabled,0.248587,-0.0682313,-0.0327611,0.965648,-36.4197,17.1639,-37.9954,0.0760498,0,1685629209,219905896
1,NDI-MF2 s/n:3BAA9000,11190,Port:10,0,Enabled,0.247774,-0.0684639,-0.0309089,0.965901,-36.5134,17.3985,-37.8781,0.0736924,0,1685629209,244914949
1,NDI-MF2 s/n:3BAA9000,11198,Port:10,0,Enabled,0.247241,-0.0677276,-0.0283812,0.966168,-36.6041,17.5268,-37.7894,0.0627118,0,1685629209,269902656
1,NDI-MF2 s/n:3BAA9000,11206,Port:10,0,Enabled,0.247306,-0.0663321,-0.0265308,0.9663,-36.8054,17.7584,-37.6775,0.0567147,0,1685629209,294910013
1,NDI-MF2 s/n:3BAA9000,11214,Port:10,0,Enabled,0.247547,-0.066431,-0.0261502,0.966242,-37.0055,18.0061,-37.5857,0.0581649,0,1685629209,319910127
1,NDI-MF2 s/n:3BAA9000,11222,Port:10,0,Enabled,0.248824,-0.0689689,-0.0287269,0.965663,-37.0775,18.2694,-37.6185,0.0702478,0,1685629209,344891103
1,NDI-MF2 s/n:3BAA9000,11230,Port:10,0,Enabled,0.246373,-0.0662828,-0.0217842,0.96666,-37.2312,18.2401,-37.3591,0.0450912,0,1685629209,369874346
1,NDI-MF2 s/n:3BAA9000,11238,Port:10,0,Enabled,0.244095,-0.0635702,-0.015024,0.967549,-37.3409,18.2575,-37.1208,0.0257813,0,1685629209,394882809
1,NDI-MF2 s/n:3BAA9000,11246,Port:10,0,Enabled,0.245946,-0.0653041,-0.0181634,0.96691,-37.4079,18.6089,-37.1454,0.0307375,0,1685629209,419964873
1,NDI-MF2 s/n:3BAA9000,11254,Port:10,0,Enabled,0.249377,-0.0697713,-0.0249417,0.965568,-37.3145,18.9457,-37.3175,0.0612166,0,1685629209,444995011
1,NDI-MF2 s/n:3BAA9000,11262,Port:10,0,Enabled,0.247297,-0.0674514,-0.019146,0.9664,-37.3948,18.9347,-37.1527,0.0406853,0,1685629209,469942766
1,NDI-MF2 s/n:3BAA9000,11270,Port:10,0,Enabled,0.245359,-0.064166,-0.0132703,0.967215,-37.5622,19.0694,-36.947,0.0259303,0,1685629209,494924371
1,NDI-MF2 s/n:3BAA9000,11278,Port:10,0,Enabled,0.247933,-0.0668264,-0.0173679,0.966314,-37.4497,19.4432,-37.1048,0.0354103,0,1685629209,519861357
1,NDI-MF2 s/n:3BAA9000,11286,Port:10,0,Enabled,0.250857,-0.0700691,-0.0224255,0.965225,-37.3108,19.831,-37.3019,0.0576968,0,1685629209,544844894
1,NDI-MF2 s/n:3BAA9000,11294,Port:10,0,Enabled,0.250248,-0.069872,-0.0202041,0.965446,-37.3513,20.0117,-37.2301,0.0543443,0,1685629209,569852730
1,NDI-MF2 s/n:3BAA9000,11302,Port:10,0,Enabled,0.24808,-0.0669908,-0.0133838,0.966328,-37.5056,19.9927,-37.0421,0.0268744,0,1685629209,594838546
1,NDI-MF2 s/n:3BAA9000,11310,Port:10,0,Enabled,0.249448,-0.0682191,-0.0152957,0.965861,-37.5558,20.2642,-37.1211,0.0332061,0,1685629209,619929915
1,NDI-MF2 s/n:3BAA9000,11318,Port:10,0,Enabled,0.249895,-0.0700048,-0.0149999,0.965623,-37.4334,20.4709,-37.2149,0.034772,0,1685629209,644867618
1,NDI-MF2 s/n:3BAA9000,11326,Port:10,0,Enabled,0.249895,-0.0692851,-0.0135587,0.965696,-37.5609,20.6338,-37.1488,0.0299089,0,1685629209,669873502
1,NDI-MF2 s/n:3BAA9000,11334,Port:10,0,Enabled,0.248653,-0.067088,-0.00945751,0.96622,-37.7498,20.7538,-36.9374,0.0222412,0,1685629209,694830656
1,NDI-MF2 s/n:3BAA9000,11342,Port:10,0,Enabled,0.248553,-0.0674028,-0.00728189,0.966243,-37.7813,20.969,-36.8672,0.0210779,0,1685629209,719831714
1,NDI-MF2 s/n:3BAA9000,11350,Port:10,0,Enabled,0.251267,-0.0713827,-0.0116632,0.965212,-37.6561,21.3479,-37.067,0.0269188,0,1685629209,744820966
1,NDI-MF2 s/n:3BAA9000,11358,Port:10,0,Enabled,0.250903,-0.0707065,-0.0101675,0.965373,-37.7376,21.5246,-37.0292,0.0252962,0,1685629209,769792372
1,NDI-MF2 s/n:3BAA9000,11366,Port:10,0,Enabled,0.248732,-0.0667853,-0.00430757,0.966258,-38.0082,21.6055,-36.7542,0.0233622,0,1685629209,794764165
1,NDI-MF2 s/n:3BAA9000,11374,Port:10,0,Enabled,0.250267,-0.0678994,-0.00607148,0.965774,-38.0705,21.9323,-36.7703,0.0175581,0,1685629209,819801126
1,NDI-MF2 s/n:3BAA9000,11382,Port:10,0,Enabled,0.251992,-0.0719621,-0.00724156,0.965023,-37.7851,22.2628,-36.9724,0.0249265,0,1685629209,844819935
1,NDI-MF2 s/n:3BAA9000,11390,Port:10,0,Enabled,0.251363,-0.0711344,-0.00471612,0.965264,-37.8698,22.4377,-36.8636,0.0248835,0,1685629209,869756808
1,NDI-MF2 s/n:3BAA9000,11398,Port:10,0,Enabled,0.251774,-0.0703499,-0.00538429,0.965211,-38.035,22.6622,-36.732,0.0202691,0,1685629209,894866552
1,NDI-MF2 s/n:3BAA9000,11406,Port:10,0,Enabled,0.254017,-0.0720107,-0.00933304,0.96447,-38.0608,23.0195,-36.7805,0.030934,0,1685629209,919789620
1,NDI-MF2 s/n:3BAA9000,11414,Port:10,0,Enabled,0.256654,-0.0758718,-0.0130934,0.963432,-37.911,23.4381,-36.9785,0.0509058,0,1685629209,944755207
1,NDI-MF2 s/n:3BAA9000,11422,Port:10,0,Enabled,0.253746,-0.0741777,-0.00434593,0.964413,-37.8718,23.5257,-36.851,0.0290004,0,1685629209,969734939
1,NDI-MF2 s/n:3BAA9000,11430,Port:10,0,Enabled,0.251133,-0.0702859,0.00270176,0.965394,-38.0985,23.6101,-36.6124,0.040154,0,1685629209,994752512
1,NDI-MF2 s/n:3BAA9000,11438,Port:10,0,Enabled,0.253105,-0.0712518,-0.00173886,0.96481,-38.2508,23.933,-36.6213,0.019399,0,1685629210,19764602
1,NDI-MF2 s/n:3BAA9000,11446,Port:10,0,Enabled,0.254969,-0.0730944,-0.00475697,0.964171,-38.2752,24.1903,-36.7052,0.0217033,0,1685629210,44781491
1,NDI-MF2 s/n:3BAA9000,11454,Port:10,0,Enabled,0.254937,-0.0748172,-0.0010278,0.964058,-38.0853,24.3816,-36.7806,0.0296226,0,1685629210,69727268
1,NDI-MF2 s/n:3BAA9000,11462,Port:10,0,Enabled,0.251022,-0.0703554,0.0100993,0.965368,-38.1441,24.3715,-36.5332,0.0690987,0,1685629210,94801585
1,NDI-MF2 s/n:3BAA9000,11470,Port:10,0,Enabled,0.250803,-0.0699307,0.0124078,0.965429,-38.0687,24.555,-36.5652,0.0806867,0,1685629210,119776657
1,NDI-MF2 s/n:3BAA9000,11478,Port:10,0,Enabled,0.254405,-0.0725738,0.00490173,0.964359,-38.0447,24.9283,-36.7784,0.0435405,0,1685629210,144714003
1,NDI-MF2 s/n:3BAA9000,11486,Port:10,0,Enabled,0.254787,-0.0730471,0.00509028,0.964221,-38.0299,25.1322,-36.7802,0.0402707,0,1685629210,169732581
1,NDI-MF2 s/n:3BAA9000,11494,Port:10,0,Enabled,0.253023,-0.0715207,0.0102094,0.964759,-38.0494,25.2344,-36.6423,0.0590272,0,1685629210,194735932
1,NDI-MF2 s/n:3BAA9000,11502,Port:10,0,Enabled,0.252982,-0.0704548,0.0117593,0.964831,-38.1441,25.4627,-36.5944,0.0649688,0,1685629210,219665242
1,NDI-MF2 s/n:3BAA9000,11510,Port:10,0,Enabled,0.255303,-0.0736682,0.00920795,0.964007,-37.9841,25.8573,-36.8187,0.0544588,0,1685629210,244762704
1,NDI-MF2 s/n:3BAA9000,11518,Port:10,0,Enabled,0.2562,-0.0747329,0.00795748,0.963698,-37.9723,26.1018,-36.9239,0.0472256,0,1685629210,269705605
1,NDI-MF2 s/n:3BAA9000,11526,Port:10,0,Enabled,0.255745,-0.0733774,0.00860688,0.963917,-38.1645,26.289,-36.7417,0.0416968,0,1685629210,294727059
1,NDI-MF2 s/n:3BAA9000,11534,Port:10,0,Enabled,0.256502,-0.0737925,0.00751971,0.963694,-38.2285,26.5088,-36.6703,0.0326848,0,1685629210,319672416
1,NDI-MF2 s/n:3BAA9000,11542,Port:10,0,Enabled,0.259151,-0.0768169,0.00429459,0.962768,-38.0641,26.8202,-36.8824,0.0277047,0,1685629210,344655614
1,NDI-MF2 s/n:3BAA9000,11550,Port:10,0,Enabled,0.25842,-0.0765231,0.00702399,0.962972,-38.0769,27.0106,-36.8755,0.0345339,0,1685629210,369633542
1,NDI-MF2 s/n:3BAA9000,11558,Port:10,0,Enabled,0.25627,-0.0737393,0.0131256,0.963699,-38.2043,27.1736,-36.7014,0.0556981,0,1685629210,394661626
1,NDI-MF2 s/n:3BAA9000,11566,Port:10,0,Enabled,0.256718,-0.0727242,0.011644,0.963676,-38.369,27.4668,-36.6072,0.0414317,0,1685629210,419646891
1,NDI-MF2 s/n:3BAA9000,11574,Port:10,0,Enabled,0.258708,-0.0752562,0.00904376,0.962977,-38.2225,27.8194,-36.7826,0.0294577,0,1685629210,444618251
1,NDI-MF2 s/n:3BAA9000,11582,Port:10,0,Enabled,0.258848,-0.0757291,0.0100593,0.962893,-38.1661,28.0358,-36.8461,0.0318235,0,1685629210,469679247
1,NDI-MF2 s/n:3BAA9000,11590,Port:10,0,Enabled,0.257793,-0.074523,0.0130244,0.963234,-38.2222,28.1609,-36.7248,0.0374782,0,1685629210,494611414
1,NDI-MF2 s/n:3BAA9000,11598,Port:10,0,Enabled,0.259272,-0.0760427,0.0121388,0.96273,-38.1239,28.4055,-36.7773,0.034056,0,1685629210,519627331
1,NDI-MF2 s/n:3BAA9000,11606,Port:10,0,Enabled,0.261313,-0.0782828,0.0114494,0.962006,-37.9155,28.7134,-37.0038,0.0376382,0,1685629210,543652369
1,NDI-MF2 s/n:3BAA9000,11614,Port:10,0,Enabled,0.260346,-0.0783004,0.0155812,0.962209,-37.7837,28.8892,-37.0854,0.0541952,0,1685629210,568650684
1,NDI-MF2 s/n:3BAA9000,11622,Port:10,0,Enabled,0.258019,-0.074731,0.0221884,0.96299,-37.9071,28.9804,-36.9129,0.0834966,0,1685629210,594611795
1,NDI-MF2 s/n:3BAA9000,11630,Port:10,0,Enabled,0.258402,-0.073754,0.0195027,0.963021,-38.043,29.2737,-36.7963,0.0644202,0,1685629210,619583924
1,NDI-MF2 s/n:3BAA9000,11638,Port:10,0,Enabled,0.260953,-0.0762637,0.0149956,0.962218,-37.8963,29.5913,-36.9171,0.0384646,0,1685629210,644626112
1,NDI-MF2 s/n:3BAA9000,11646,Port:10,0,Enabled,0.261618,-0.0780384,0.0167139,0.961867,-37.6878,29.7724,-37.0835,0.0471346,0,1685629210,668648968
1,NDI-MF2 s/n:3BAA9000,11654,Port:10,0,Enabled,0.260205,-0.076082,0.0210363,0.962321,-37.7678,29.8889,-36.9744,0.0628546,0,1685629210,693669038
1,NDI-MF2 s/n:3BAA9000,11662,Port:10,0,Enabled,0.259662,-0.0747872,0.024437,0.962489,-37.7981,30.0484,-36.9389,0.0822322,0,1685629210,718676834
1,NDI-MF2 s/n:3BAA9000,11670,Port:10,0,Enabled,0.261997,-0.0766064,0.0196388,0.961823,-37.7361,30.4267,-37.0749,0.0551413,0,1685629210,743621632
1,NDI-MF2 s/n:3BAA9000,11678,Port:10,0,Enabled,0.262141,-0.0768539,0.0195052,0.961767,-37.7235,30.6478,-37.0851,0.0485451,0,1685629210,768665823
1,NDI-MF2 s/n:3BAA9000,11686,Port:10,0,Enabled,0.260635,-0.0759935,0.02464,0.962127,-37.7035,30.7823,-37.0296,0.0682245,0,1685629210,793704985
1,NDI-MF2 s/n:3BAA9000,11694,Port:10,0,Enabled,0.260773,-0.0744708,0.0253891,0.962189,-37.7913,31.0351,-36.9337,0.0715911,0,1685629210,818624367
1,NDI-MF2 s/n:3BAA9000,11702,Port:10,0,Enabled,0.262965,-0.0771951,0.0230313,0.961436,-37.6068,31.4229,-37.1083,0.0568089,0,1685629210,843626394
1,NDI-MF2 s/n:3BAA9000,11710,Port:10,0,Enabled,0.264256,-0.0791791,0.0212144,0.960963,-37.4751,31.656,-37.2741,0.0459971,0,1685629210,868580073
1,NDI-MF2 s/n:3BAA9000,11718,Port:10,0,Enabled,0.262367,-0.0768044,0.0257595,0.961562,-37.6046,31.6996,-37.0997,0.0615482,0,1685629210,893594278
1,NDI-MF2 s/n:3BAA9000,11726,Port:10,0,Enabled,0.263082,-0.0768122,0.0266607,0.961341,-37.5093,31.9093,-37.1236,0.06617,0,1685629210,918638808
1,NDI-MF2 s/n:3BAA9000,11734,Port:10,0,Enabled,0.265585,-0.078895,0.0219826,0.960603,-37.3276,32.2354,-37.3004,0.0432749,0,1685629210,943642161
1,NDI-MF2 s/n:3BAA9000,11742,Port:10,0,Enabled,0.264512,-0.0778302,0.0245654,0.960923,-37.364,32.3502,-37.2658,0.049868,0,1685629210,968559385
1,NDI-MF2 s/n:3BAA9000,11750,Port:10,0,Enabled,0.263078,-0.0763147,0.030106,0.96128,-37.397,32.4265,-37.1901,0.0737249,0,1685629210,993626999
1,NDI-MF2 s/n:3BAA9000,11758,Port:10,0,Enabled,0.263855,-0.0765141,0.0282737,0.961107,-37.409,32.7588,-37.1703,0.0608658,0,1685629211,18572065
1,NDI-MF2 s/n:3BAA9000,11766,Port:10,0,Enabled,0.265968,-0.0789592,0.0254933,0.960405,-37.2476,33.12,-37.3664,0.0449371,0,1685629211,43576633
1,NDI-MF2 s/n:3BAA9000,11774,Port:10,0,Enabled,0.266238,-0.0796542,0.0273721,0.96022,-37.2027,33.3885,-37.5017,0.0520158,0,1685629211,68601549
1,NDI-MF2 s/n:3BAA9000,11782,Port:10,0,Enabled,0.263461,-0.0758324,0.0338029,0.961091,-37.5063,33.5259,-37.2414,0.0810778,0,1685629211,93609077
1,NDI-MF2 s/n:3BAA9000,11790,Port:10,0,Enabled,0.263648,-0.075403,0.0347766,0.961039,-37.5522,33.8511,-37.2312,0.0868964,0,1685629211,118570666
1,NDI-MF2 s/n:3BAA9000,11798,Port:10,0,Enabled,0.267447,-0.0791149,0.026296,0.959959,-37.334,34.3893,-37.4499,0.0376816,0,1685629211,143606478
1,NDI-MF2 s/n:3BAA9000,11806,Port:10,0,Enabled,0.267926,-0.0805067,0.0252059,0.959739,-37.2182,34.6845,-37.5997,0.0291549,0,1685629211,168552160
1,NDI-MF2 s/n:3BAA9000,11814,Port:10,0,Enabled,0.266018,-0.0776026,0.0293068,0.960392,-37.3799,34.8058,-37.4731,0.0428093,0,1685629211,193620077
1,NDI-MF2 s/n:3BAA9000,11822,Port:10,0,Enabled,0.265916,-0.0772483,0.0308452,0.960401,-37.3542,35.0082,-37.4535,0.0466141,0,1685629211,218572272
1,NDI-MF2 s/n:3BAA9000,11830,Port:10,0,Enabled,0.267198,-0.0796369,0.0314807,0.959829,-37.1036,35.1961,-37.7103,0.0469606,0,1685629211,243524733
1,NDI-MF2 s/n:3BAA9000,11838,Port:10,0,Enabled,0.266231,-0.0783907,0.0364449,0.960025,-37.0998,35.3198,-37.7915,0.0728151,0,1685629211,268517535
1,NDI-MF2 s/n:3BAA9000,11846,Port:10,0,Enabled,0.264375,-0.0756278,0.040548,0.960595,-37.2492,35.5015,-37.5848,0.0967607,0,1685629211,293555820
1,NDI-MF2 s/n:3BAA9000,11854,Port:10,0,Enabled,0.266705,-0.0766536,0.0356658,0.960063,-37.1352,35.8925,-37.6284,0.0716323,0,1685629211,318538575
1,NDI-MF2 s/n:3BAA9000,11862,Port:10,0,Enabled,0.268843,-0.0786159,0.0293437,0.959522,-37.0165,36.2328,-37.6501,0.0301687,0,1685629211,343581873
1,NDI-MF2 s/n:3BAA9000,11870,Port:10,0,Enabled,0.267794,-0.0789006,0.0321745,0.959701,-36.911,36.3079,-37.756,0.0355536,0,1685629211,368533261
1,NDI-MF2 s/n:3BAA9000,11878,Port:10,0,Enabled,0.265287,-0.0766074,0.0408499,0.960253,-36.9221,36.3646,-37.7806,0.0783483,0,1685629211,393535391
1,NDI-MF2 s/n:3BAA9000,11886,Port:10,0,Enabled,0.264788,-0.074373,0.043422,0.960454,-36.9607,36.5454,-37.6862,0.100647,0,1685629211,418505492
1,NDI-MF2 s/n:3BAA9000,11894,Port:10,0,Enabled,0.266705,-0.0763329,0.040784,0.959885,-36.6915,36.8197,-37.8537,0.0795615,0,1685629211,443456288
1,NDI-MF2 s/n:3BAA9000,11902,Port:10,0,Enabled,0.26905,-0.0790783,0.0351434,0.959231,-36.4103,37.0307,-38.0873,0.0400436,0,1685629211,468452793
1,NDI-MF2 s/n:3BAA9000,11910,Port:10,0,Enabled,0.266891,-0.0769254,0.0408354,0.959783,-36.4634,37.0357,-38.019,0.0664225,0,1685629211,493549290
1,NDI-MF2 s/n:3BAA9000,11918,Port:10,0,Enabled,0.266016,-0.0750766,0.0448751,0.959992,-36.4708,37.1652,-37.9691,0.0917697,0,1685629211,518452426
1,NDI-MF2 s/n:3BAA9000,11926,Port:10,0,Enabled,0.268363,-0.0768511,0.0414654,0.959352,-36.2305,37.6028,-38.1502,0.0719255,0,1685629211,543477788
1,NDI-MF2 s/n:3BAA9000,11934,Port:10,0,Enabled,0.269314,-0.0782662,0.0388694,0.95908,-36.0971,37.9216,-38.2823,0.0465997,0,1685629211,568476722
1,NDI-MF2 s/n:3BAA9000,11942,Port:10,0,Enabled,0.268141,-0.077131,0.0423713,0.959352,-36.1291,38.144,-38.3142,0.0611758,0,1685629211,593420451
1,NDI-MF2 s/n:3BAA9000,11950,Port:10,0,Enabled,0.266947,-0.0747783,0.0446907,0.959766,-36.2342,38.4258,-38.1493,0.0799063,0,1685629211,618425009
1,NDI-MF2 s/n:3BAA9000,11958,Port:10,0,Enabled,0.268084,-0.0759463,0.0435749,0.959408,-36.063,38.739,-38.2279,0.0652803,0,1685629211,643423958
1,NDI-MF2 s/n:3BAA9000,11966,Port:10,0,Enabled,0.270101,-0.0788003,0.0408249,0.958734,-35.7351,39.0287,-38.5365,0.0389176,0,1685629211,668419251
1,NDI-MF2 s/n:3BAA9000,11974,Port:10,0,Enabled,0.269037,-0.0770588,0.044159,0.959026,-35.7965,39.1575,-38.4984,0.0566406,0,1685629211,693494232
1,NDI-MF2 s/n:3BAA9000,11982,Port:10,0,Enabled,0.268372,-0.0753364,0.046694,0.959229,-35.8486,39.3288,-38.4095,0.0785702,0,1685629211,718413318
1,NDI-MF2 s/n:3BAA9000,11990,Port:10,0,Enabled,0.269477,-0.0760733,0.0434442,0.959014,-35.698,39.6004,-38.4338,0.0545135,0,1685629211,743385913
1,NDI-MF2 s/n:3BAA9000,11998,Port:10,0,Enabled,0.269522,-0.0773508,0.0445755,0.958847,-35.5387,39.7488,-38.589,0.0476868,0,1685629211,768428450
1,NDI-MF2 s/n:3BAA9000,12006,Port:10,0,Enabled,0.269086,-0.0767692,0.0499304,0.958752,-35.4506,39.9312,-38.8153,0.0768926,0,1685629211,793455615
1,NDI-MF2 s/n:3BAA9000,12014,Port:10,0,Enabled,0.268738,-0.0753548,0.0521302,0.958845,-35.4488,40.2094,-38.8252,0.0984981,0,1685629211,818365665
1,NDI-MF2 s/n:3BAA9000,12022,Port:10,0,Enabled,0.270149,-0.0760698,0.0498867,0.958512,-35.2818,40.5175,-38.9597,0.0800922,0,1685629211,843394908
1,NDI-MF2 s/n:3BAA9000,12030,Port:10,0,Enabled,0.270159,-0.0762157,0.04805,0.958591,-35.1952,40.7364,-38.9833,0.0608458,0,1685629211,868423117
1,NDI-MF2 s/n:3BAA9000,12038,Port:10,0,Enabled,0.268527,-0.0740951,0.0520255,0.959008,-35.2733,40.8162,-38.877,0.0862188,0,1685629211,893421126
1,NDI-MF2 s/n:3BAA9000,12046,Port:10,0,Enabled,0.268479,-0.0739148,0.0531382,0.958975,-35.1883,41.0401,-38.883,0.0967345,0,1685629211,918411200
1,NDI-MF2 s/n:3BAA9000,12054,Port:10,0,Enabled,0.270255,-0.0748924,0.048093,0.958666,-34.9996,41.3171,-38.8742,0.0613607,0,1685629211,943372780
1,NDI-MF2 s/n:3BAA9000,12062,Port:10,0,Enabled,0.270621,-0.0770476,0.0479251,0.9584,-34.7336,41.4909,-39.1071,0.0364925,0,1685629211,968345670
1,NDI-MF2 s/n:3BAA9000,12070,Port:10,0,Enabled,0.269682,-0.0752657,0.0527203,0.958555,-34.77,41.6382,-39.1801,0.0695773,0,1685629211,993371396
1,NDI-MF2 s/n:3BAA9000,12078,Port:10,0,Enabled,0.268887,-0.0732239,0.0560033,0.95875,-34.8393,41.8656,-39.0895,0.107252,0,1685629212,18379530
1,NDI-MF2 s/n:3BAA9000,12086,Port:10,0,Enabled,0.270655,-0.0746421,0.0515315,0.958394,-34.5518,42.1979,-39.1886,0.0678539,0,1685629212,43322992
1,NDI-MF2 s/n:3BAA9000,12094,Port:10,0,Enabled,0.271729,-0.0764053,0.0477177,0.958149,-34.2316,42.4006,-39.3777,0.0229066,0,1685629212,68391017
1,NDI-MF2 s/n:3BAA9000,12102,Port:10,0,Enabled,0.27027,-0.0747626,0.052137,0.958461,-34.2772,42.3934,-39.3413,0.0490428,0,1685629212,93350049
1,NDI-MF2 s/n:3BAA9000,12110,Port:10,0,Enabled,0.269145,-0.0729889,0.0583752,0.958554,-34.3054,42.4928,-39.3447,0.0993156,0,1685629212,117369741
1,NDI-MF2 s/n:3BAA9000,12118,Port:10,0,Enabled,0.270338,-0.0726963,0.0551622,0.958431,-34.1615,42.7853,-39.2951,0.0901783,0,1685629212,142374305
1,NDI-MF2 s/n:3BAA9000,12126,Port:10,0,Enabled,0.271052,-0.0742387,0.052095,0.958283,-33.8737,42.9593,-39.3557,0.0493782,0,1685629212,167348505
1,NDI-MF2 s/n:3BAA9000,12134,Port:10,0,Enabled,0.270785,-0.0739428,0.0542331,0.958263,-33.7287,43.0238,-39.4668,0.0545766,0,1685629212,192354896
1,NDI-MF2 s/n:3BAA9000,12142,Port:10,0,Enabled,0.270281,-0.0728738,0.0565005,0.958356,-33.6796,43.1592,-39.4182,0.0769062,0,1685629212,217387463
1,NDI-MF2 s/n:3BAA9000,12150,Port:10,0,Enabled,0.270906,-0.073024,0.0570531,0.958135,-33.5338,43.3845,-39.5061,0.077585,0,1685629212,242372129
1,NDI-MF2 s/n:3BAA9000,12158,Port:10,0,Enabled,0.271604,-0.0743292,0.0549269,0.957961,-33.2945,43.5841,-39.6527,0.0428625,0,1685629212,267351625
1,NDI-MF2 s/n:3BAA9000,12166,Port:10,0,Enabled,0.270445,-0.073264,0.0594775,0.958099,-33.2742,43.6888,-39.7448,0.0761241,0,1685629212,292325502
1,NDI-MF2 s/n:3BAA9000,12174,Port:10,0,Enabled,0.270831,-0.0724142,0.0603416,0.958001,-33.1848,43.9485,-39.7794,0.090725,0,1685629212,317338247
1,NDI-MF2 s/n:3BAA9000,12182,Port:10,0,Enabled,0.27154,-0.0725581,0.0564434,0.958027,-32.9921,44.2697,-39.7846,0.0647464,0,1685629212,342333122
1,NDI-MF2 s/n:3BAA9000,12190,Port:10,0,Enabled,0.271666,-0.0731972,0.0548698,0.958034,-32.7967,44.4365,-39.8614,0.0289353,0,1685629212,367340641
1,NDI-MF2 s/n:3BAA9000,12198,Port:10,0,Enabled,0.271274,-0.0732624,0.059768,0.957847,-32.6821,44.591,-40.1336,0.0474817,0,1685629212,392349699
1,NDI-MF2 s/n:3BAA9000,12206,Port:10,0,Enabled,0.27065,-0.0720365,0.0627748,0.957924,-32.7087,44.7653,-40.172,0.0824784,0,1685629212,417338061
1,NDI-MF2 s/n:3BAA9000,12214,Port:10,0,Enabled,0.271569,-0.0720636,0.061678,0.957733,-32.5496,44.9842,-40.2373,0.0766772,0,1685629212,442300883
1,NDI-MF2 s/n:3BAA9000,12222,Port:10,0,Enabled,0.272578,-0.0724469,0.0575235,0.957676,-32.3246,45.1369,-40.2544,0.0274854,0,1685629212,467288066
1,NDI-MF2 s/n:3BAA9000,12230,Port:10,0,Enabled,0.271336,-0.0716068,0.0621632,0.957802,-32.3115,45.2115,-40.3421,0.0615756,0,1685629212,492398574
1,NDI-MF2 s/n:3BAA9000,12238,Port:10,0,Enabled,0.270122,-0.0707645,0.0663171,0.957929,-32.2877,45.364,-40.4287,0.103855,0,1685629212,517362041
1,NDI-MF2 s/n:3BAA9000,12246,Port:10,0,Enabled,0.271218,-0.0709164,0.0615812,0.957924,-32.0887,45.7087,-40.3461,0.072631,0,1685629212,542366250
1,NDI-MF2 s/n:3BAA9000,12254,Port:10,0,Enabled,0.271968,-0.0718158,0.0591127,0.9578,-31.8137,45.9709,-40.4459,0.0246654,0,1685629212,567379307
1,NDI-MF2 s/n:3BAA9000,12262,Port:10,0,Enabled,0.271739,-0.0717223,0.0637813,0.957573,-31.6616,46.151,-40.739,0.0404517,0,1685629212,592314566
1,NDI-MF2 s/n:3BAA9000,12270,Port:10,0,Enabled,0.270391,-0.0703017,0.0698733,0.957635,-31.6738,46.2267,-40.9036,0.108907,0,1685629212,617319606
1,NDI-MF2 s/n:3BAA9000,12278,Port:10,0,Enabled,0.271087,-0.0704992,0.066891,0.957637,-31.3779,46.4474,-40.9548,0.0889321,0,1685629212,642286480
1,NDI-MF2 s/n:3BAA9000,12286,Port:10,0,Enabled,0.27273,-0.0704719,0.0611607,0.957555,-31.0728,46.6938,-40.9262,0.0262606,0,1685629212,667291003
1,NDI-MF2 s/n:3BAA9000,12294,Port:10,0,Enabled,0.271493,-0.0701343,0.063981,0.957747,-31.0155,46.6751,-41.0408,0.0317336,0,1685629212,692278644
1,NDI-MF2 s/n:3BAA9000,12302,Port:10,0,Enabled,0.269777,-0.0696003,0.0711963,0.957761,-31.0328,46.6878,-41.2744,0.0982428,0,1685629212,717387213
1,NDI-MF2 s/n:3BAA9000,12310,Port:10,0,Enabled,0.270399,-0.0695735,0.0664966,0.957926,-30.8403,46.9409,-41.1708,0.0693053,0,1685629212,742287371
1,NDI-MF2 s/n:3BAA9000,12318,Port:10,0,Enabled,0.271636,-0.0701321,0.0654005,0.957611,-30.5713,47.2432,-41.2894,0.0321669,0,1685629212,767356840
1,NDI-MF2 s/n:3BAA9000,12326,Port:10,0,Enabled,0.271981,-0.0696291,0.0687694,0.957313,-30.4616,47.4792,-41.5036,0.043823,0,1685629212,792267517
1,NDI-MF2 s/n:3BAA9000,12334,Port:10,0,Enabled,0.27036,-0.0690013,0.0737657,0.957446,-30.5166,47.528,-41.6955,0.101365,0,1685629212,817223951
1,NDI-MF2 s/n:3BAA9000,12342,Port:10,0,Enabled,0.270401,-0.0686252,0.0694857,0.957782,-30.2662,47.7225,-41.6012,0.073137,0,1685629212,842271063
1,NDI-MF2 s/n:3BAA9000,12350,Port:10,0,Enabled,0.271329,-0.0679939,0.0649429,0.957883,-29.9749,47.9579,-41.5523,0.0244335,0,1685629212,867250186
1,NDI-MF2 s/n:3BAA9000,12358,Port:10,0,Enabled,0.270329,-0.0681914,0.0684876,0.957905,-29.8501,47.9581,-41.7854,0.031032,0,1685629212,892241471
1,NDI-MF2 s/n:3BAA9000,12366,Port:10,0,Enabled,0.26951,-0.0680834,0.0738257,0.957747,-29.7815,47.9642,-42.1194,0.0817095,0,1685629212,917222192
1,NDI-MF2 s/n:3BAA9000,12374,Port:10,0,Enabled,0.269729,-0.068171,0.071132,0.957883,-29.4954,48.1682,-42.0891,0.0577555,0,1685629212,942246498
1,NDI-MF2 s/n:3BAA9000,12382,Port:10,0,Enabled,0.271157,-0.0677755,0.0718738,0.957452,-29.2271,48.4548,-42.2129,0.0452203,0,1685629212,967243830
1,NDI-MF2 s/n:3BAA9000,12390,Port:10,0,Enabled,0.270745,-0.067229,0.0736154,0.957475,-29.1183,48.5486,-42.4037,0.0554034,0,1685629212,992202681
1,NDI-MF2 s/n:3BAA9000,12398,Port:10,0,Enabled,0.269876,-0.0673812,0.0762253,0.957505,-28.9977,48.6302,-42.6122,0.0804156,0,1685629213,17280834
1,NDI-MF2 s/n:3BAA9000,12406,Port:10,0,Enabled,0.270583,-0.0663198,0.0707027,0.957804,-28.7831,48.9516,-42.3583,0.0394218,0,1685629213,42273678
1,NDI-MF2 s/n:3BAA9000,12414,Port:10,0,Enabled,0.270559,-0.0655976,0.0690431,0.957982,-28.6235,49.1567,-42.2884,0.0124966,0,1685629213,67211111
1,NDI-MF2 s/n:3BAA9000,12422,Port:10,0,Enabled,0.269878,-0.0663721,0.0758116,0.957608,-28.4663,49.1782,-42.7519,0.0474113,0,1685629213,92200954
1,NDI-MF2 s/n:3BAA9000,12430,Port:10,0,Enabled,0.269117,-0.0666354,0.0779719,0.957631,-28.3641,49.2121,-42.9911,0.0758576,0,1685629213,117154710
1,NDI-MF2 s/n:3BAA9000,12438,Port:10,0,Enabled,0.269122,-0.0661364,0.0736726,0.958004,-28.0962,49.4247,-42.7924,0.0442569,0,1685629213,142155008
1,NDI-MF2 s/n:3BAA9000,12446,Port:10,0,Enabled,0.269793,-0.0655507,0.0722205,0.957966,-27.9034,49.6809,-42.7274,0.0162958,0,1685629213,167169022
1,NDI-MF2 s/n:3BAA9000,12454,Port:10,0,Enabled,0.270483,-0.0647024,0.0765065,0.957496,-27.7608,49.8667,-42.9865,0.0332461,0,1685629213,192125545
1,NDI-MF2 s/n:3BAA9000,12462,Port:10,0,Enabled,0.26921,-0.0652251,0.0786224,0.957649,-27.6576,49.8254,-43.3874,0.056968,0,1685629213,217120221
1,NDI-MF2 s/n:3BAA9000,12470,Port:10,0,Enabled,0.268717,-0.0649468,0.0781513,0.957844,-27.4644,49.899,-43.4989,0.0632836,0,1685629213,242119638
1,NDI-MF2 s/n:3BAA9000,12478,Port:10,0,Enabled,0.268899,-0.0636279,0.0726865,0.958312,-27.2577,50.1936,-43.1696,0.022937,0,1685629213,267110522
1,NDI-MF2 s/n:3BAA9000,12486,Port:10,0,Enabled,0.269003,-0.0634585,0.0761918,0.958022,-27.0345,50.3143,-43.4222,0.0204197,0,1685629213,292106286
1,NDI-MF2 s/n:3BAA9000,12494,Port:10,0,Enabled,0.269117,-0.0640454,0.0818343,0.957485,-26.8294,50.3519,-43.8913,0.0519415,0,1685629213,317195390
1,NDI-MF2 s/n:3BAA9000,12502,Port:10,0,Enabled,0.26877,-0.063465,0.0792729,0.957836,-26.6231,50.4423,-43.8779,0.0512511,0,1685629213,342117475
1,NDI-MF2 s/n:3BAA9000,12510,Port:10,0,Enabled,0.268311,-0.0626548,0.0751823,0.958348,-26.3876,50.6578,-43.6064,0.025884,0,1685629213,367105513
1,NDI-MF2 s/n:3BAA9000,12518,Port:10,0,Enabled,0.268962,-0.0617211,0.0772981,0.958058,-26.2249,50.8421,-43.6699,0.0131799,0,1685629213,392072405
1,NDI-MF2 s/n:3BAA9000,12526,Port:10,0,Enabled,0.268534,-0.0621988,0.0804984,0.957883,-26.0355,50.7877,-44.0901,0.0361624,0,1685629213,417066259
1,NDI-MF2 s/n:3BAA9000,12534,Port:10,0,Enabled,0.268762,-0.0620326,0.0815436,0.957742,-25.7956,50.8598,-44.2632,0.0484299,0,1685629213,442079912
1,NDI-MF2 s/n:3BAA9000,12542,Port:10,0,Enabled,0.268188,-0.0608942,0.0785885,0.958223,-25.6182,51.0191,-44.114,0.0303594,0,1685629213,467033383
1,NDI-MF2 s/n:3BAA9000,12550,Port:10,0,Enabled,0.268338,-0.0611223,0.0818089,0.957896,-25.4277,51.1311,-44.3956,0.0349868,0,1685629213,492047683
1,NDI-MF2 s/n:3BAA9000,12558,Port:10,0,Enabled,0.268426,-0.061234,0.0833209,0.957735,-25.2098,51.2464,-44.649,0.0447321,0,1685629213,517086510
1,NDI-MF2 s/n:3BAA9000,12566,Port:10,0,Enabled,0.267818,-0.0603693,0.0796299,0.958274,-25.0435,51.4407,-44.4861,0.0353363,0,1685629213,542044903
1,NDI-MF2 s/n:3BAA9000,12574,Port:10,0,Enabled,0.267467,-0.0587631,0.0773272,0.95866,-24.9614,51.6979,-44.2308,0.0213193,0,1685629213,567051336
1,NDI-MF2 s/n:3BAA9000,12582,Port:10,0,Enabled,0.268064,-0.0583842,0.0811314,0.958202,-24.8261,51.9075,-44.4454,0.00787012,0,1685629213,592044582
1,NDI-MF2 s/n:3BAA9000,12590,Port:10,0,Enabled,0.268344,-0.0593497,0.086363,0.957607,-24.6217,51.8953,-45.163,0.0486437,0,1685629213,617010223
1,NDI-MF2 s/n:3BAA9000,12598,Port:10,0,Enabled,0.268257,-0.0595783,0.0865197,0.957603,-24.37,52.011,-45.2978,0.0533226,0,1685629213,642013939
1,NDI-MF2 s/n:3BAA9000,12606,Port:10,0,Enabled,0.26661,-0.0571827,0.0785665,0.958894,-24.183,52.2358,-44.7261,0.0284035,0,1685629213,667019592
1,NDI-MF2 s/n:3BAA9000,12614,Port:10,0,Enabled,0.266712,-0.056655,0.0809671,0.958697,-23.9563,52.3155,-44.9462,0.0212989,0,1685629213,692008282
1,NDI-MF2 s/n:3BAA9000,12622,Port:10,0,Enabled,0.267407,-0.0568532,0.0862959,0.958026,-23.7117,52.2969,-45.514,0.0318536,0,1685629213,717047191
1,NDI-MF2 s/n:3BAA9000,12630,Port:10,0,Enabled,0.267303,-0.0570039,0.0859314,0.958079,-23.4603,52.3641,-45.7489,0.0450986,0,1685629213,742017928
1,NDI-MF2 s/n:3BAA9000,12638,Port:10,0,Enabled,0.266543,-0.0560927,0.0832353,0.958583,-23.2857,52.4958,-45.4957,0.0336029,0,1685629213,766032494
1,NDI-MF2 s/n:3BAA9000,12646,Port:10,0,Enabled,0.265917,-0.0551525,0.082063,0.958912,-23.1313,52.6497,-45.3858,0.0282567,0,1685629213,791031637
1,NDI-MF2 s/n:3BAA9000,12654,Port:10,0,Enabled,0.266625,-0.0551322,0.0859728,0.958373,-22.8857,52.7154,-45.7658,0.02612,0,1685629213,816039159
1,NDI-MF2 s/n:3BAA9000,12662,Port:10,0,Enabled,0.266428,-0.0546727,0.0854077,0.958505,-22.6663,52.8492,-45.7841,0.0253452,0,1685629213,841070264
1,NDI-MF2 s/n:3BAA9000,12670,Port:10,0,Enabled,0.265748,-0.0535472,0.0836617,0.958912,-22.4888,52.9723,-45.6448,0.0234145,0,1685629213,866042456
1,NDI-MF2 s/n:3BAA9000,12678,Port:10,0,Enabled,0.266126,-0.0535828,0.0867168,0.958534,-22.2381,53.0022,-46.0629,0.0235295,0,1685629213,891067539
1,NDI-MF2 s/n:3BAA9000,12686,Port:10,0,Enabled,0.267099,-0.0537189,0.089811,0.95797,-21.936,53.0451,-46.5524,0.0396574,0,1685629213,916011692
1,NDI-MF2 s/n:3BAA9000,12694,Port:10,0,Enabled,0.265795,-0.0532278,0.0865775,0.958658,-21.652,53.0835,-46.5403,0.0413503,0,1685629213,941045216
1,NDI-MF2 s/n:3BAA9000,12702,Port:10,0,Enabled,0.265139,-0.0521156,0.0855575,0.958992,-21.5052,53.2162,-46.3689,0.0327689,0,1685629213,966094354
1,NDI-MF2 s/n:3BAA9000,12710,Port:10,0,Enabled,0.264199,-0.0510108,0.0845003,0.959405,-21.4318,53.3641,-46.1836,0.0335348,0,1685629213,991035756
1,NDI-MF2 s/n:3BAA9000,12718,Port:10,0,Enabled,0.266705,-0.0523402,0.0923718,0.957913,-21.1451,53.497,-46.9755,0.0369832,0,1685629214,16060813
1,NDI-MF2 s/n:3BAA9000,12726,Port:10,0,Enabled,0.267028,-0.0520468,0.0931904,0.957759,-20.9308,53.6062,-47.1461,0.0469426,0,1685629214,41053937
1,NDI-MF2 s/n:3BAA9000,12734,Port:10,0,Enabled,0.264526,-0.0502513,0.0869181,0.959139,-20.797,53.7004,-46.7645,0.0329168,0,1685629214,65995577
1,NDI-MF2 s/n:3BAA9000,12742,Port:10,0,Enabled,0.26426,-0.0501271,0.0886702,0.959058,-20.5601,53.7614,-46.9868,0.0322837,0,1685629214,91015966
1,NDI-MF2 s/n:3BAA9000,12750,Port:10,0,Enabled,0.266046,-0.0503258,0.0934176,0.958102,-20.2895,53.8568,-47.5002,0.0368412,0,1685629214,116029702
1,NDI-MF2 s/n:3BAA9000,12758,Port:10,0,Enabled,0.264704,-0.0492829,0.0902469,0.958832,-20.0517,53.9092,-47.486,0.0381783,0,1685629214,141122470
1,NDI-MF2 s/n:3BAA9000,12766,Port:10,0,Enabled,0.263121,-0.0480423,0.0872909,0.959604,-19.8842,54,-47.2515,0.0437492,0,1685629214,165987711
1,NDI-MF2 s/n:3BAA9000,12774,Port:10,0,Enabled,0.263695,-0.0484946,0.0902989,0.959145,-19.5772,54.0024,-47.4389,0.0300925,0,1685629214,190989012
1,NDI-MF2 s/n:3BAA9000,12782,Port:10,0,Enabled,0.2721,-0.0520342,0.107612,0.954816,-19.3227,54.0796,-48.4905,0.169065,0,1685629214,216067767
1,NDI-MF2 s/n:3BAA9000,12790,Port:10,0,Enabled,0.268945,-0.048799,0.101217,0.956579,-19.1512,54.0398,-48.4939,0.120046,0,1685629214,240964437
1,NDI-MF2 s/n:3BAA9000,12798,Port:10,0,Enabled,0.265134,-0.0468461,0.093858,0.958489,-18.9418,54.0639,-48.2012,0.0425425,0,1685629214,265985006
1,NDI-MF2 s/n:3BAA9000,12806,Port:10,0,Enabled,0.266217,-0.0476601,0.0982587,0.957707,-18.7428,54.1386,-48.4618,0.0606464,0,1685629214,291003724
1,NDI-MF2 s/n:3BAA9000,12814,Port:10,0,Enabled,0.266772,-0.0473811,0.100415,0.957343,-18.6133,54.3,-48.6601,0.0821508,0,1685629214,315993334
1,NDI-MF2 s/n:3BAA9000,12822,Port:10,0,Enabled,0.263011,-0.0450064,0.0934831,0.959198,-18.4717,54.446,-48.3276,0.0304536,0,1685629214,341079648
1,NDI-MF2 s/n:3BAA9000,12830,Port:10,0,Enabled,0.260777,-0.0436498,0.0906049,0.960146,-18.308,54.4791,-48.1783,0.0475697,0,1685629214,365937466
1,NDI-MF2 s/n:3BAA9000,12838,Port:10,0,Enabled,0.260916,-0.0433502,0.0922662,0.959964,-18.06,54.4702,-48.4655,0.0409905,0,1685629214,390987853
1,NDI-MF2 s/n:3BAA9000,12846,Port:10,0,Enabled,0.263893,-0.0440008,0.0981938,0.958531,-17.7753,54.6371,-48.9976,0.0410367,0,1685629214,415971640
1,NDI-MF2 s/n:3BAA9000,12854,Port:10,0,Enabled,0.263631,-0.044076,0.0984433,0.958575,-17.5625,54.7046,-49.0169,0.0454366,0,1685629214,440915850
1,NDI-MF2 s/n:3BAA9000,12862,Port:10,0,Enabled,0.257713,-0.0407685,0.0878122,0.961359,-17.5153,54.6887,-48.3996,0.0851801,0,1685629214,465919602
1,NDI-MF2 s/n:3BAA9000,12870,Port:10,0,Enabled,0.259038,-0.041256,0.0923822,0.960553,-17.2748,54.8169,-48.8406,0.0580736,0,1685629214,490960770
1,NDI-MF2 s/n:3BAA9000,12878,Port:10,0,Enabled,0.2622,-0.0418333,0.0994698,0.958961,-17.0017,54.9523,-49.4622,0.0363229,0,1685629214,515948242
1,NDI-MF2 s/n:3BAA9000,12886,Port:10,0,Enabled,0.261049,-0.0408531,0.0975012,0.95952,-16.6867,55.0049,-49.4565,0.0312816,0,1685629214,540892420
1,NDI-MF2 s/n:3BAA9000,12894,Port:10,0,Enabled,0.258733,-0.0397955,0.0943351,0.960507,-16.4366,54.9745,-49.3472,0.0502302,0,1685629214,565881188
1,NDI-MF2 s/n:3BAA9000,12902,Port:10,0,Enabled,0.258957,-0.0391997,0.0956757,0.960339,-16.247,54.9908,-49.56,0.0403791,0,1685629214,590911223
1,NDI-MF2 s/n:3BAA9000,12910,Port:10,0,Enabled,0.261308,-0.0398147,0.101063,0.959124,-16.0084,55.1138,-49.9992,0.0411119,0,1685629214,615980634
1,NDI-MF2 s/n:3BAA9000,12918,Port:10,0,Enabled,0.260605,-0.0393182,0.10088,0.959355,-15.8262,55.231,-50.0439,0.0376586,0,1685629214,640932709
1,NDI-MF2 s/n:3BAA9000,12926,Port:10,0,Enabled,0.25607,-0.036843,0.0931911,0.96145,-15.7482,55.2024,-49.6542,0.0690914,0,1685629214,665887854
1,NDI-MF2 s/n:3BAA9000,12934,Port:10,0,Enabled,0.25734,-0.0372938,0.0972472,0.960692,-15.4574,55.2748,-50.1348,0.0433833,0,1685629214,690905958
1,NDI-MF2 s/n:3BAA9000,12942,Port:10,0,Enabled,0.259136,-0.0368411,0.100975,0.959842,-15.219,55.3289,-50.5939,0.0336326,0,1685629214,715919519
1,NDI-MF2 s/n:3BAA9000,12950,Port:10,0,Enabled,0.257952,-0.0361113,0.0989667,0.960397,-14.9591,55.3141,-50.4946,0.0313435,0,1685629214,740946070
1,NDI-MF2 s/n:3BAA9000,12958,Port:10,0,Enabled,0.256489,-0.0352431,0.0975391,0.960967,-14.7049,55.2271,-50.4515,0.0432444,0,1685629214,765873713
1,NDI-MF2 s/n:3BAA9000,12966,Port:10,0,Enabled,0.255335,-0.03429,0.0964679,0.961417,-14.4576,55.1839,-50.6056,0.0618021,0,1685629214,790913412
1,NDI-MF2 s/n:3BAA9000,12974,Port:10,0,Enabled,0.257412,-0.0346616,0.101171,0.960366,-14.2305,55.2285,-51.0545,0.0288341,0,1685629214,815918736
1,NDI-MF2 s/n:3BAA9000,12982,Port:10,0,Enabled,0.25658,-0.0339434,0.100316,0.960704,-14.0388,55.2419,-51.032,0.0311381,0,1685629214,840950674
1,NDI-MF2 s/n:3BAA9000,12990,Port:10,0,Enabled,0.25469,-0.0325379,0.0975931,0.961535,-13.8106,55.2681,-50.9385,0.0563926,0,1685629214,865866062
1,NDI-MF2 s/n:3BAA9000,12998,Port:10,0,Enabled,0.255327,-0.0323076,0.100116,0.961115,-13.5092,55.3409,-51.37,0.0411884,0,1685629214,890909036
1,NDI-MF2 s/n:3BAA9000,13006,Port:10,0,Enabled,0.255393,-0.0315919,0.100774,0.961052,-13.3034,55.3939,-51.6236,0.0359171,0,1685629214,915901704
1,NDI-MF2 s/n:3BAA9000,13014,Port:10,0,Enabled,0.254857,-0.0312455,0.10062,0.961222,-13.0635,55.4817,-51.5496,0.0373022,0,1685629214,940939846
1,NDI-MF2 s/n:3BAA9000,13022,Port:10,0,Enabled,0.254412,-0.0311006,0.101277,0.961276,-12.8466,55.5172,-51.6869,0.0360645,0,1685629214,965852305
1,NDI-MF2 s/n:3BAA9000,13030,Port:10,0,Enabled,0.253786,-0.0301998,0.101648,0.961431,-12.6692,55.5734,-51.9761,0.0411259,0,1685629214,990840300
1,NDI-MF2 s/n:3BAA9000,13038,Port:10,0,Enabled,0.253565,-0.0289578,0.101765,0.961515,-12.5061,55.5959,-52.335,0.0396822,0,1685629215,15818653
1,NDI-MF2 s/n:3BAA9000,13046,Port:10,0,Enabled,0.252902,-0.0283338,0.101398,0.961747,-12.3051,55.5963,-52.2329,0.0396365,0,1685629215,40791487
1,NDI-MF2 s/n:3BAA9000,13054,Port:10,0,Enabled,0.251975,-0.0280446,0.100359,0.962107,-12.0522,55.6324,-52.1356,0.0539597,0,1685629215,65885242
1,NDI-MF2 s/n:3BAA9000,13062,Port:10,0,Enabled,0.251705,-0.0270583,0.101453,0.962092,-11.8314,55.6803,-52.5739,0.0537167,0,1685629215,90788782
1,NDI-MF2 s/n:3BAA9000,13070,Port:10,0,Enabled,0.251644,-0.0261085,0.102147,0.96206,-11.6515,55.7451,-52.8269,0.0441779,0,1685629215,114851539
1,NDI-MF2 s/n:3BAA9000,13078,Port:10,0,Enabled,0.251825,-0.026062,0.103034,0.961919,-11.2731,55.718,-52.819,0.0353403,0,1685629215,140795944
1,NDI-MF2 s/n:3BAA9000,13086,Port:10,0,Enabled,0.251694,-0.0263212,0.10426,0.961815,-10.9216,55.6594,-52.9307,0.0333654,0,1685629215,164852552
1,NDI-MF2 s/n:3BAA9000,13094,Port:10,0,Enabled,0.250823,-0.0252967,0.103345,0.962168,-10.6965,55.6336,-53.0642,0.0461948,0,1685629215,190825715
1,NDI-MF2 s/n:3BAA9000,13102,Port:10,0,Enabled,0.250155,-0.023604,0.1028,0.962444,-10.5715,55.6986,-53.4144,0.0497269,0,1685629215,214840207
1,NDI-MF2 s/n:3BAA9000,13110,Port:10,0,Enabled,0.249942,-0.0232499,0.10333,0.962451,-10.3431,55.7453,-53.459,0.0439538,0,1685629215,239844955
1,NDI-MF2 s/n:3BAA9000,13118,Port:10,0,Enabled,0.249919,-0.0231522,0.104115,0.962374,-10.0529,55.7478,-53.5608,0.0399927,0,1685629215,264843441
1,NDI-MF2 s/n:3BAA9000,13126,Port:10,0,Enabled,0.249622,-0.0223528,0.105081,0.962366,-9.83691,55.7454,-53.8097,0.0375031,0,1685629215,289776021
1,NDI-MF2 s/n:3BAA9000,13134,Port:10,0,Enabled,0.248348,-0.0210298,0.103492,0.962897,-9.66874,55.7328,-54.0963,0.0538642,0,1685629215,314833866
1,NDI-MF2 s/n:3BAA9000,13142,Port:10,0,Enabled,0.248536,-0.0206606,0.104619,0.962735,-9.50677,55.8078,-54.1028,0.0397025,0,1685629215,339811437
1,NDI-MF2 s/n:3BAA9000,13150,Port:10,0,Enabled,0.248332,-0.0208299,0.105582,0.962678,-9.26379,55.8072,-54.2205,0.0399044,0,1685629215,364789350
1,NDI-MF2 s/n:3BAA9000,13158,Port:10,0,Enabled,0.247718,-0.0198505,0.105353,0.962882,-9.08586,55.921,-54.4347,0.0418622,0,1685629215,389822851
1,NDI-MF2 s/n:3BAA9000,13166,Port:10,0,Enabled,0.246709,-0.0181298,0.104722,0.963244,-8.90953,55.9342,-54.7134,0.0478817,0,1685629215,414808315
1,NDI-MF2 s/n:3BAA9000,13174,Port:10,0,Enabled,0.246916,-0.0183787,0.106258,0.963018,-8.61769,55.8376,-54.6939,0.0343467,0,1685629215,439800025
1,NDI-MF2 s/n:3BAA9000,13182,Port:10,0,Enabled,0.247549,-0.0186571,0.108155,0.962639,-8.34194,55.7711,-54.7076,0.0218315,0,1685629215,464779764
1,NDI-MF2 s/n:3BAA9000,13190,Port:10,0,Enabled,0.245827,-0.0169364,0.106056,0.963346,-8.16847,55.7572,-55.0688,0.0448164,0,1685629215,489759537
1,NDI-MF2 s/n:3BAA9000,13198,Port:10,0,Enabled,0.244898,-0.0153281,0.104991,0.963726,-7.95125,55.8444,-55.3111,0.0521359,0,1685629215,514803620
1,NDI-MF2 s/n:3BAA9000,13206,Port:10,0,Enabled,0.244955,-0.0152726,0.106494,0.963547,-7.69699,55.773,-55.3234,0.0366672,0,1685629215,539749745
1,NDI-MF2 s/n:3BAA9000,13214,Port:10,0,Enabled,0.244963,-0.0154251,0.107412,0.963441,-7.3893,55.6603,-55.4207,0.0341767,0,1685629215,564737441
1,NDI-MF2 s/n:3BAA9000,13222,Port:10,0,Enabled,0.244838,-0.0147671,0.107826,0.963437,-7.15362,55.6638,-55.6252,0.0301909,0,1685629215,589715792
1,NDI-MF2 s/n:3BAA9000,13230,Port:10,0,Enabled,0.243536,-0.013085,0.106507,0.963937,-7.01434,55.6798,-55.9294,0.0424737,0,1685629215,614755046
1,NDI-MF2 s/n:3BAA9000,13238,Port:10,0,Enabled,0.242563,-0.0122167,0.106103,0.964239,-6.85276,55.6455,-56.0212,0.0490474,0,1685629215,639726403
1,NDI-MF2 s/n:3BAA9000,13246,Port:10,0,Enabled,0.243576,-0.012922,0.109507,0.963593,-6.56549,55.6959,-55.9978,0.0213342,0,1685629215,664752306
1,NDI-MF2 s/n:3BAA9000,13254,Port:10,0,Enabled,0.243477,-0.0125899,0.110142,0.96355,-6.27527,55.7138,-56.2857,0.0189572,0,1685629215,689716455
1,NDI-MF2 s/n:3BAA9000,13262,Port:10,0,Missing,,,,,,,,,0,1685629215,720677023
1,NDI-MF2 s/n:3BAA9000,13270,Port:10,0,Enabled,0.241494,-0.0102384,0.108515,0.964262,-6.19124,55.6955,-56.5011,0.0382121,0,1685629215,746698538
1,NDI-MF2 s/n:3BAA9000,13278,Port:10,0,Enabled,0.241442,-0.0100091,0.109244,0.964195,-5.87829,55.6032,-56.6438,0.0347847,0,1685629215,764707318
1,NDI-MF2 s/n:3BAA9000,13286,Port:10,0,Enabled,0.241091,-0.00932995,0.109364,0.964276,-5.6166,55.6318,-56.8487,0.0324111,0,1685629215,789687426
1,NDI-MF2 s/n:3BAA9000,13294,Port:10,0,Enabled,0.239688,-0.00772115,0.107932,0.964801,-5.59417,55.6394,-57.0083,0.0473142,0,1685629215,814748033
1,NDI-MF2 s/n:3BAA9000,13302,Port:10,0,Enabled,0.239552,-0.00718933,0.109349,0.964679,-5.29286,55.565,-57.125,0.0341382,0,1685629215,839690471
1,NDI-MF2 s/n:3BAA9000,13310,Port:10,0,Enabled,0.240243,-0.00803372,0.111658,0.964236,-4.70449,55.4814,-57.355,0.0243221,0,1685629215,864679598
1,NDI-MF2 s/n:3BAA9000,13318,Port:10,0,Enabled,0.239502,-0.00704179,0.110891,0.964517,-4.51215,55.4227,-57.6018,0.0265683,0,1685629215,889743399
1,NDI-MF2 s/n:3BAA9000,13326,Port:10,0,Enabled,0.238299,-0.00519447,0.10964,0.96497,-4.52718,55.3934,-57.7863,0.0344977,0,1685629215,914737091
1,NDI-MF2 s/n:3BAA9000,13334,Port:10,0,Enabled,0.23773,-0.00429618,0.110059,0.965066,-4.38267,55.3059,-57.9367,0.0270476,0,1685629215,939665399
1,NDI-MF2 s/n:3BAA9000,13342,Port:10,0,Enabled,0.237861,-0.00459704,0.11129,0.964891,-3.9248,55.2324,-58.1594,0.0251817,0,1685629215,964668538
1,NDI-MF2 s/n:3BAA9000,13350,Port:10,0,Enabled,0.237564,-0.00387665,0.111461,0.964948,-3.62399,55.2069,-58.3781,0.0229178,0,1685629215,989650400
1,NDI-MF2 s/n:3BAA9000,13358,Port:10,0,Enabled,0.236711,-0.00268393,0.110989,0.965216,-3.47536,55.1432,-58.56,0.0253476,0,1685629216,14627727
1,NDI-MF2 s/n:3BAA9000,13366,Port:10,0,Enabled,0.236675,-0.00257884,0.112141,0.965092,-3.10627,55.0526,-58.7601,0.0188828,0,1685629216,39651400
1,NDI-MF2 s/n:3BAA9000,13374,Port:10,0,Enabled,0.236616,-0.00228524,0.113116,0.964994,-2.73603,54.9726,-58.9856,0.0173348,0,1685629216,64639024
1,NDI-MF2 s/n:3BAA9000,13382,Port:10,0,Enabled,0.235525,-0.000817399,0.111665,0.965432,-2.68998,54.9671,-59.1899,0.0199385,0,1685629216,89644637
1,NDI-MF2 s/n:3BAA9000,13390,Port:10,0,Enabled,0.234588,0.000401977,0.110966,0.965741,-2.59011,54.9464,-59.3591,0.0227294,0,1685629216,114616624
1,NDI-MF2 s/n:3BAA9000,13398,Port:10,0,Enabled,0.23414,0.000962069,0.111848,0.965747,-2.33034,54.871,-59.5462,0.0175243,0,1685629216,139605693
1,NDI-MF2 s/n:3BAA9000,13406,Port:10,0,Enabled,0.233961,0.00108733,0.112335,0.965734,-1.9883,54.8324,-59.7299,0.0236643,0,1685629216,164687968
1,NDI-MF2 s/n:3BAA9000,13414,Port:10,0,Enabled,0.233735,0.00162824,0.112802,0.965734,-1.69043,54.8511,-59.9113,0.0141206,0,1685629216,189644100
1,NDI-MF2 s/n:3BAA9000,13422,Port:10,0,Enabled,0.232399,0.00319407,0.111244,0.966233,-1.71255,54.847,-60.0724,0.022802,0,1685629216,214680970
1,NDI-MF2 s/n:3BAA9000,13430,Port:10,0,Enabled,0.231732,0.00393962,0.111822,0.966323,-1.56921,54.7775,-60.1678,0.0168675,0,1685629216,239665528
1,NDI-MF2 s/n:3BAA9000,13438,Port:10,0,Enabled,0.231905,0.00354159,0.113365,0.966104,-1.16975,54.6903,-60.3348,0.0185617,0,1685629216,264592143
1,NDI-MF2 s/n:3BAA9000,13446,Port:10,0,Enabled,0.231289,0.00468233,0.112566,0.96634,-0.962539,54.6335,-60.5925,0.0176407,0,1685629216,289568021
1,NDI-MF2 s/n:3BAA9000,13454,Port:10,0,Enabled,0.230307,0.0058871,0.111584,0.966682,-0.821358,54.5535,-60.7914,0.0182772,0,1685629216,314561280
1,NDI-MF2 s/n:3BAA9000,13462,Port:10,0,Enabled,0.229731,0.00668496,0.112271,0.966734,-0.667112,54.4328,-60.9165,0.00779231,0,1685629216,339536552
1,NDI-MF2 s/n:3BAA9000,13470,Port:10,0,Enabled,0.229672,0.00656558,0.113349,0.966623,-0.309979,54.2764,-61.0496,0.0114921,0,1685629216,364604803
1,NDI-MF2 s/n:3BAA9000,13478,Port:10,0,Enabled,0.229614,0.00682572,0.114063,0.966551,0.123297,54.1749,-61.2517,0.0156913,0,1685629216,389613586
1,NDI-MF2 s/n:3BAA9000,13486,Port:10,0,Enabled,0.228466,0.00834015,0.112834,0.966955,0.181113,54.1427,-61.4926,0.0065173,0,1685629216,414555134
1,NDI-MF2 s/n:3BAA9000,13494,Port:10,0,Enabled,0.227338,0.00980169,0.112056,0.967298,0.201441,54.0429,-61.6563,0.0128293,0,1685629216,439547418
1,NDI-MF2 s/n:3BAA9000,13502,Port:10,0,Enabled,0.227245,0.0097654,0.113317,0.967173,0.501182,53.8732,-61.7442,0.011081,0,1685629216,464506447
1,NDI-MF2 s/n:3BAA9000,13510,Port:10,0,Enabled,0.226981,0.0101959,0.113606,0.967197,0.792326,53.8049,-61.9853,0.016006,0,1685629216,489536903
1,NDI-MF2 s/n:3BAA9000,13518,Port:10,0,Enabled,0.226046,0.0112838,0.112501,0.967533,1.02497,53.7823,-62.3036,0.0122546,0,1685629216,514545600
1,NDI-MF2 s/n:3BAA9000,13526,Port:10,0,Enabled,0.225259,0.0124261,0.112872,0.967659,1.12128,53.7327,-62.5382,0.00577263,0,1685629216,539541235
1,NDI-MF2 s/n:3BAA9000,13534,Port:10,0,Enabled,0.224586,0.0132143,0.113068,0.967782,1.24694,53.6767,-62.6851,0.00791237,0,1685629216,564509674
1,NDI-MF2 s/n:3BAA9000,13542,Port:10,0,Enabled,0.224535,0.0133639,0.113909,0.967693,1.68505,53.5918,-62.8423,0.0100065,0,1685629216,589502413
1,NDI-MF2 s/n:3BAA9000,13550,Port:10,0,Enabled,0.223775,0.0141629,0.113161,0.967946,1.89745,53.5277,-63.1149,0.00933647,0,1685629216,614525582
1,NDI-MF2 s/n:3BAA9000,13558,Port:10,0,Enabled,0.222871,0.0153915,0.112821,0.968175,1.94946,53.4231,-63.2364,0.00679825,0,1685629216,639517999
1,NDI-MF2 s/n:3BAA9000,13566,Port:10,0,Enabled,0.222795,0.0153326,0.114277,0.968023,2.2988,53.2722,-63.2871,0.012376,0,1685629216,664491283
1,NDI-MF2 s/n:3BAA9000,13574,Port:10,0,Enabled,0.222173,0.0159378,0.113785,0.968214,2.58228,53.2166,-63.5143,0.0087095,0,1685629216,689470531
1,NDI-MF2 s/n:3BAA9000,13582,Port:10,0,Enabled,0.2213,0.0171131,0.113217,0.96846,2.758,53.2004,-63.8206,0.00480839,0,1685629216,714483469
1,NDI-MF2 s/n:3BAA9000,13590,Port:10,0,Enabled,0.220332,0.0186745,0.113171,0.968657,2.82537,53.1236,-64.088,0.00953141,0,1685629216,739482408
1,NDI-MF2 s/n:3BAA9000,13598,Port:10,0,Enabled,0.219656,0.019482,0.113073,0.968807,3.01512,53.0202,-64.2632,0.00782011,0,1685629216,764439604
1,NDI-MF2 s/n:3BAA9000,13606,Port:10,0,Enabled,0.219257,0.0196032,0.112987,0.968904,3.35163,52.9112,-64.4237,0.0132275,0,1685629216,788629283
1,NDI-MF2 s/n:3BAA9000,13614,Port:10,0,Enabled,0.218258,0.0208099,0.112025,0.969216,3.54979,52.8837,-64.7565,0.00923068,0,1685629216,813528966
1,NDI-MF2 s/n:3BAA9000,13622,Port:10,0,Enabled,0.217142,0.0219291,0.111911,0.969455,3.62687,52.8488,-64.9513,0.0119026,0,1685629216,838507658
1,NDI-MF2 s/n:3BAA9000,13630,Port:10,0,Enabled,0.21709,0.0217387,0.113735,0.96926,3.95916,52.714,-65.0032,0.0121059,0,1685629216,863509538
1,NDI-MF2 s/n:3BAA9000,13638,Port:10,0,Enabled,0.216886,0.0222867,0.113564,0.969312,4.39191,52.5692,-65.3223,0.0134696,0,1685629216,888469563
1,NDI-MF2 s/n:3BAA9000,13646,Port:10,0,Enabled,0.215763,0.0232728,0.11163,0.969764,4.66577,52.468,-65.7218,0.00766222,0,1685629216,913513599
1,NDI-MF2 s/n:3BAA9000,13654,Port:10,0,Enabled,0.214621,0.0245405,0.111942,0.969951,4.67248,52.3379,-65.9222,0.0197422,0,1685629216,938550807
1,NDI-MF2 s/n:3BAA9000,13662,Port:10,0,Enabled,0.213972,0.0254451,0.112197,0.970042,4.71128,52.2253,-66.024,0.0103435,0,1685629216,963570680
1,NDI-MF2 s/n:3BAA9000,13670,Port:10,0,Enabled,0.21405,0.0250593,0.112951,0.969947,5.07367,52.0848,-66.0283,0.0149232,0,1685629216,988593512
1,NDI-MF2 s/n:3BAA9000,13678,Port:10,0,Enabled,0.213437,0.025691,0.112387,0.970131,5.37262,51.9788,-66.3341,0.00680208,0,1685629217,13471252
1,NDI-MF2 s/n:3BAA9000,13686,Port:10,0,Enabled,0.212179,0.0269756,0.111694,0.970452,5.51431,51.8314,-66.6247,0.0136117,0,1685629217,38496342
1,NDI-MF2 s/n:3BAA9000,13694,Port:10,0,Enabled,0.211725,0.0277978,0.112708,0.970411,5.71414,51.631,-66.6977,0.0173328,0,1685629217,63484074
1,NDI-MF2 s/n:3BAA9000,13702,Port:10,0,Enabled,0.211268,0.0284301,0.112183,0.970553,5.90006,51.5737,-66.8973,0.00961183,0,1685629217,88443717
1,NDI-MF2 s/n:3BAA9000,13710,Port:10,0,Enabled,0.21037,0.0290182,0.111071,0.970858,6.14146,51.5302,-67.2089,0.00475264,0,1685629217,113467853
1,NDI-MF2 s/n:3BAA9000,13718,Port:10,0,Enabled,0.209261,0.0300403,0.111014,0.971073,6.24315,51.3518,-67.4585,0.02177,0,1685629217,138460145
1,NDI-MF2 s/n:3BAA9000,13726,Port:10,0,Enabled,0.208724,0.0310412,0.111397,0.971114,6.31963,51.1842,-67.5661,0.013274,0,1685629217,163465829
1,NDI-MF2 s/n:3BAA9000,13734,Port:10,0,Enabled,0.208616,0.0308674,0.111828,0.971093,6.64939,51.1008,-67.6339,0.0106574,0,1685629217,188427165
1,NDI-MF2 s/n:3BAA9000,13742,Port:10,0,Enabled,0.207739,0.0318212,0.110928,0.971353,6.81693,51.0283,-67.9348,0.0100284,0,1685629217,213480060
1,NDI-MF2 s/n:3BAA9000,13750,Port:10,0,Enabled,0.206225,0.0332085,0.109823,0.971755,6.90048,50.8978,-68.2905,0.0242473,0,1685629217,238513955
1,NDI-MF2 s/n:3BAA9000,13758,Port:10,0,Enabled,0.20584,0.0340605,0.110685,0.971709,7.08036,50.6189,-68.3383,0.0131511,0,1685629217,263438856
1,NDI-MF2 s/n:3BAA9000,13766,Port:10,0,Enabled,0.205584,0.0343996,0.110481,0.971775,7.41949,50.5363,-68.5653,0.00608945,0,1685629217,288441046
1,NDI-MF2 s/n:3BAA9000,13774,Port:10,0,Enabled,0.20483,0.0346154,0.109685,0.972016,7.71741,50.5252,-68.847,0.00500087,0,1685629217,313403072
1,NDI-MF2 s/n:3BAA9000,13782,Port:10,0,Enabled,0.203731,0.0357732,0.109747,0.972198,7.80359,50.366,-69.0888,0.0174516,0,1685629217,338506545
1,NDI-MF2 s/n:3BAA9000,13790,Port:10,0,Enabled,0.203423,0.0366206,0.110523,0.972143,8.07542,50.1119,-69.1993,0.0126692,0,1685629217,363425554
1,NDI-MF2 s/n:3BAA9000,13798,Port:10,0,Enabled,0.20315,0.0369577,0.110473,0.972193,8.37233,49.915,-69.3561,0.00858482,0,1685629217,388425380
1,NDI-MF2 s/n:3BAA9000,13806,Port:10,0,Enabled,0.202194,0.0377748,0.109371,0.972486,8.46011,49.8395,-69.6861,0.0101456,0,1685629217,413384302
1,NDI-MF2 s/n:3BAA9000,13814,Port:10,0,Enabled,0.201123,0.0388291,0.109024,0.972705,8.56491,49.6347,-69.9682,0.0167361,0,1685629217,438485164
1,NDI-MF2 s/n:3BAA9000,13822,Port:10,0,Enabled,0.200787,0.0397582,0.109598,0.972673,8.81353,49.3459,-70.1368,0.018427,0,1685629217,463413584
1,NDI-MF2 s/n:3BAA9000,13830,Port:10,0,Enabled,0.20039,0.0402074,0.109301,0.97277,8.99803,49.2354,-70.3579,0.012189,0,1685629217,488361316
1,NDI-MF2 s/n:3BAA9000,13838,Port:10,0,Enabled,0.199263,0.0406609,0.108068,0.97312,9.14478,49.2421,-70.6763,0.0106205,0,1685629217,513348396
1,NDI-MF2 s/n:3BAA9000,13846,Port:10,0,Enabled,0.198237,0.0416445,0.108152,0.973279,9.27838,49.094,-70.9071,0.0309826,0,1685629217,538348867
1,NDI-MF2 s/n:3BAA9000,13854,Port:10,0,Enabled,0.197503,0.042891,0.108016,0.973389,9.34208,48.8746,-71.1042,0.0285064,0,1685629217,563381300
1,NDI-MF2 s/n:3BAA9000,13862,Port:10,0,Enabled,0.197242,0.0431572,0.108286,0.9734,9.53732,48.6974,-71.1356,0.00703335,0,1685629217,588339170
1,NDI-MF2 s/n:3BAA9000,13870,Port:10,0,Enabled,0.196501,0.0436142,0.107588,0.973607,9.76061,48.689,-71.4338,0.00856791,0,1685629217,613362351
1,NDI-MF2 s/n:3BAA9000,13878,Port:10,0,Enabled,0.195217,0.0444044,0.106808,0.973915,9.93401,48.4882,-71.6751,0.019568,0,1685629217,638312740
1,NDI-MF2 s/n:3BAA9000,13886,Port:10,0,Enabled,0.195073,0.0455762,0.107626,0.9738,10.1661,48.0792,-71.7235,0.0184653,0,1685629217,663347295
1,NDI-MF2 s/n:3BAA9000,13894,Port:10,0,Enabled,0.194572,0.0462088,0.107158,0.973922,10.4555,47.9571,-72.0129,0.0134409,0,1685629217,688312323
1,NDI-MF2 s/n:3BAA9000,13902,Port:10,0,Enabled,0.193643,0.0461356,0.106188,0.974217,10.6962,47.9966,-72.3567,0.00451282,0,1685629217,713326112
1,NDI-MF2 s/n:3BAA9000,13910,Port:10,0,Enabled,0.192592,0.047147,0.106224,0.974373,10.7519,47.8994,-72.6092,0.0213502,0,1685629217,738299101
1,NDI-MF2 s/n:3BAA9000,13918,Port:10,0,Enabled,0.191659,0.0485958,0.106251,0.974483,10.8089,47.6838,-72.8081,0.0281534,0,1685629217,763299386
1,NDI-MF2 s/n:3BAA9000,13926,Port:10,0,Enabled,0.191161,0.0490526,0.106149,0.974569,11.0553,47.4704,-72.8941,0.0113509,0,1685629217,788287499
1,NDI-MF2 s/n:3BAA9000,13934,Port:10,0,Enabled,0.190351,0.0494753,0.105144,0.974815,11.2121,47.4493,-73.2028,0.0127467,0,1685629217,813308749
1,NDI-MF2 s/n:3BAA9000,13942,Port:10,0,Enabled,0.189459,0.0502452,0.104821,0.974984,11.3569,47.3583,-73.4648,0.0183573,0,1685629217,838366969
1,NDI-MF2 s/n:3BAA9000,13950,Port:10,0,Enabled,0.188873,0.0514607,0.105366,0.974975,11.4774,47.0722,-73.6028,0.024967,0,1685629217,863274305
1,NDI-MF2 s/n:3BAA9000,13958,Port:10,0,Enabled,0.188214,0.0521627,0.104991,0.975106,11.6698,46.86,-73.8018,0.0166925,0,1685629217,888289729
1,NDI-MF2 s/n:3BAA9000,13966,Port:10,0,Enabled,0.187309,0.0523381,0.103955,0.975382,11.93,46.7487,-74.0977,0.0134522,0,1685629217,913253080
1,NDI-MF2 s/n:3BAA9000,13974,Port:10,0,Enabled,0.186349,0.0532944,0.103388,0.975574,12.0454,46.5465,-74.3666,0.0273181,0,1685629217,938277707
1,NDI-MF2 s/n:3BAA9000,13982,Port:10,0,Enabled,0.185507,0.0543131,0.103027,0.975717,12.1605,46.2867,-74.5668,0.0297674,0,1685629217,963258135
1,NDI-MF2 s/n:3BAA9000,13990,Port:10,0,Enabled,0.185061,0.0547989,0.103132,0.975763,12.3397,46.0046,-74.6076,0.0138017,0,1685629217,988298772
1,NDI-MF2 s/n:3BAA9000,13998,Port:10,0,Enabled,0.184229,0.0551567,0.102377,0.97598,12.513,45.861,-74.8485,0.0138011,0,1685629218,13262754
1,NDI-MF2 s/n:3BAA9000,14006,Port:10,0,Enabled,0.183064,0.0557926,0.101557,0.976248,12.6331,45.7111,-75.1392,0.0181906,0,1685629218,38286008
1,NDI-MF2 s/n:3BAA9000,14014,Port:10,0,Enabled,0.18249,0.0567832,0.10207,0.976245,12.776,45.5285,-75.2795,0.0231644,0,1685629218,63225903
1,NDI-MF2 s/n:3BAA9000,14022,Port:10,0,Enabled,0.181845,0.0571702,0.10147,0.976406,13.0255,45.4462,-75.5523,0.014123,0,1685629218,88233397
1,NDI-MF2 s/n:3BAA9000,14030,Port:10,0,Missing,,,,,,,,,0,1685629218,119239212
1,NDI-MF2 s/n:3BAA9000,14038,Port:10,0,Enabled,0.17981,0.0583046,0.100396,0.976826,13.2108,45.1525,-76.054,0.0142585,0,1685629218,144344601
1,NDI-MF2 s/n:3BAA9000,14046,Port:10,0,Enabled,0.179093,0.0592034,0.100475,0.976896,13.2695,44.8777,-76.1813,0.015647,0,1685629218,163194414
1,NDI-MF2 s/n:3BAA9000,14054,Port:10,0,Enabled,0.17853,0.0598851,0.100524,0.976952,13.3813,44.6241,-76.2805,0.0128459,0,1685629218,187256334
1,NDI-MF2 s/n:3BAA9000,14062,Port:10,0,Enabled,0.177654,0.0604928,0.0995872,0.977171,13.5292,44.4925,-76.5406,0.0130854,0,1685629218,213246071
1,NDI-MF2 s/n:3BAA9000,14070,Port:10,0,Enabled,0.176408,0.0611173,0.0982868,0.977489,13.6773,44.4009,-76.9125,0.0186304,0,1685629218,238291114
1,NDI-MF2 s/n:3BAA9000,14078,Port:10,0,Enabled,0.175942,0.0625951,0.0990783,0.9774,13.6933,44.0792,-77.0028,0.022331,0,1685629218,263305562
1,NDI-MF2 s/n:3BAA9000,14086,Port:10,0,Enabled,0.175235,0.0634604,0.0983767,0.977542,13.9029,43.8555,-77.2662,0.0174463,0,1685629218,288264951
1,NDI-MF2 s/n:3BAA9000,14094,Port:10,0,Enabled,0.17444,0.063205,0.0975121,0.977787,14.1907,43.7098,-77.4144,0.00571729,0,1685629218,313168919
1,NDI-MF2 s/n:3BAA9000,14102,Port:10,0,Enabled,0.173571,0.0639317,0.0970823,0.977937,14.2021,43.5976,-77.6398,0.0151341,0,1685629218,338195877
1,NDI-MF2 s/n:3BAA9000,14110,Port:10,0,Enabled,0.1726,0.064862,0.0969269,0.978063,14.3105,43.3931,-77.8543,0.0171744,0,1685629218,362202757
1,NDI-MF2 s/n:3BAA9000,14118,Port:10,0,Enabled,0.171872,0.0657708,0.0969773,0.978126,14.4565,43.1612,-78.0168,0.0145929,0,1685629218,387221031
1,NDI-MF2 s/n:3BAA9000,14126,Port:10,0,Enabled,0.170752,0.066354,0.0958709,0.978391,14.6339,43.0193,-78.3671,0.0152869,0,1685629218,412200230
1,NDI-MF2 s/n:3BAA9000,14134,Port:10,0,Enabled,0.169996,0.0671984,0.0954216,0.978509,14.751,42.7728,-78.6195,0.0201746,0,1685629218,437201499
1,NDI-MF2 s/n:3BAA9000,14142,Port:10,0,Enabled,0.169387,0.0681309,0.0949248,0.978599,14.8917,42.5761,-78.8846,0.0211328,0,1685629218,462263047
1,NDI-MF2 s/n:3BAA9000,14150,Port:10,0,Enabled,0.16849,0.0686371,0.0947227,0.978738,14.9912,42.4151,-79.1104,0.0179375,0,1685629218,487187859
1,NDI-MF2 s/n:3BAA9000,14158,Port:10,0,Enabled,0.167717,0.0691782,0.0939294,0.978909,15.1525,42.255,-79.4222,0.0159627,0,1685629218,512154948
1,NDI-MF2 s/n:3BAA9000,14166,Port:10,0,Enabled,0.16687,0.0699122,0.0928107,0.979108,15.3415,42.135,-79.7983,0.0185428,0,1685629218,537178621
1,NDI-MF2 s/n:3BAA9000,14174,Port:10,0,Enabled,0.165755,0.0707271,0.0925568,0.979263,15.31,41.9573,-79.9597,0.0188016,0,1685629218,562187944
1,NDI-MF2 s/n:3BAA9000,14182,Port:10,0,Enabled,0.165042,0.0710605,0.0928361,0.979333,15.3686,41.7689,-79.9146,0.0141525,0,1685629218,587218232
1,NDI-MF2 s/n:3BAA9000,14190,Port:10,0,Enabled,0.164322,0.0714866,0.0918961,0.979512,15.559,41.5911,-80.1042,0.0117539,0,1685629218,612173688
1,NDI-MF2 s/n:3BAA9000,14198,Port:10,0,Enabled,0.162951,0.0718304,0.09043,0.979852,15.7248,41.3987,-80.4949,0.0185724,0,1685629218,637241814
1,NDI-MF2 s/n:3BAA9000,14206,Port:10,0,Enabled,0.162189,0.0729511,0.0906534,0.979874,15.7199,41.1052,-80.6421,0.0239873,0,1685629218,662296141
1,NDI-MF2 s/n:3BAA9000,14214,Port:10,0,Enabled,0.161506,0.0741781,0.0906351,0.979898,15.7601,40.845,-80.8409,0.0215885,0,1685629218,687151863
1,NDI-MF2 s/n:3BAA9000,14222,Port:10,0,Enabled,0.160603,0.0743016,0.0899263,0.980102,16.0701,40.5755,-81.0395,0.0101792,0,1685629218,712147307
1,NDI-MF2 s/n:3BAA9000,14230,Port:10,0,Enabled,0.159809,0.0748158,0.088999,0.980277,16.2032,40.4046,-81.3073,0.0142298,0,1685629218,737144857
1,NDI-MF2 s/n:3BAA9000,14238,Port:10,0,Enabled,0.158873,0.0757656,0.0887878,0.980375,16.1797,40.1664,-81.4814,0.0240522,0,1685629218,762132724
1,NDI-MF2 s/n:3BAA9000,14246,Port:10,0,Enabled,0.158107,0.0764051,0.0882691,0.980496,16.3532,39.9081,-81.6975,0.0195762,0,1685629218,787187282
1,NDI-MF2 s/n:3BAA9000,14254,Port:10,0,Enabled,0.157093,0.0771955,0.0875524,0.980662,16.3762,39.8111,-81.9779,0.0166351,0,1685629218,812119094
1,NDI-MF2 s/n:3BAA9000,14262,Port:10,0,Enabled,0.155981,0.0773247,0.086555,0.980918,16.5585,39.7341,-82.3116,0.0169398,0,1685629218,837195650
1,NDI-MF2 s/n:3BAA9000,14270,Port:10,0,Enabled,0.155372,0.0781347,0.0863592,0.980967,16.6657,39.5647,-82.4926,0.0199024,0,1685629218,862111120
1,NDI-MF2 s/n:3BAA9000,14278,Port:10,0,Enabled,0.15451,0.0790202,0.086279,0.98104,16.7218,39.3168,-82.7082,0.0192124,0,1685629218,887155927
1,NDI-MF2 s/n:3BAA9000,14286,Port:10,0,Enabled,0.153741,0.0796261,0.0856651,0.981165,16.8417,39.0803,-82.9505,0.0149795,0,1685629218,912104332
1,NDI-MF2 s/n:3BAA9000,14294,Port:10,0,Enabled,0.153121,0.0803409,0.084397,0.981314,16.9615,38.91,-83.2636,0.0130751,0,1685629218,937077145
1,NDI-MF2 s/n:3BAA9000,14302,Port:10,0,Enabled,0.151925,0.080714,0.0836534,0.981533,17.1162,38.7757,-83.5628,0.0189604,0,1685629218,962108328
1,NDI-MF2 s/n:3BAA9000,14310,Port:10,0,Enabled,0.15083,0.0812725,0.0836351,0.981657,17.1822,38.5906,-83.7479,0.0261444,0,1685629218,987081997
1,NDI-MF2 s/n:3BAA9000,14318,Port:10,0,Enabled,0.149997,0.0820746,0.0829736,0.981774,17.3004,38.2904,-84.0123,0.0161673,0,1685629219,12051214
1,NDI-MF2 s/n:3BAA9000,14326,Port:10,0,Enabled,0.149141,0.0821686,0.0817081,0.982003,17.5027,38.0703,-84.2801,0.0101801,0,1685629219,37114234
1,NDI-MF2 s/n:3BAA9000,14334,Port:10,0,Enabled,0.148605,0.0826868,0.0810607,0.982094,17.5624,37.9203,-84.427,0.0129633,0,1685629219,62067083
1,NDI-MF2 s/n:3BAA9000,14342,Port:10,0,Enabled,0.147439,0.0832139,0.0809177,0.982237,17.7038,37.6346,-84.7006,0.0157464,0,1685629219,87063989
1,NDI-MF2 s/n:3BAA9000,14350,Port:10,0,Enabled,0.146517,0.0838085,0.0807805,0.982336,17.8186,37.3118,-84.8959,0.0122053,0,1685629219,112045874
1,NDI-MF2 s/n:3BAA9000,14358,Port:10,0,Enabled,0.146008,0.0845509,0.0797568,0.982431,17.8709,37.1577,-85.1121,0.00972007,0,1685629219,137051706
1,NDI-MF2 s/n:3BAA9000,14366,Port:10,0,Enabled,0.145202,0.0848133,0.0790387,0.982587,18.0724,36.9376,-85.3285,0.0157167,0,1685629219,162052852
1,NDI-MF2 s/n:3BAA9000,14374,Port:10,0,Enabled,0.144395,0.0854276,0.0787789,0.982673,18.2081,36.6418,-85.5033,0.0223702,0,1685629219,187029369
1,NDI-MF2 s/n:3BAA9000,14382,Port:10,0,Enabled,0.143751,0.0866558,0.078617,0.982673,18.1565,36.327,-85.7134,0.017397,0,1685629219,212044266
1,NDI-MF2 s/n:3BAA9000,14390,Port:10,0,Enabled,0.14322,0.0871329,0.0774282,0.982803,18.2243,36.1801,-85.9362,0.0130315,0,1685629219,237011141
1,NDI-MF2 s/n:3BAA9000,14398,Port:10,0,Enabled,0.142544,0.0873108,0.0760988,0.982989,18.3114,36.0715,-86.1782,0.0156631,0,1685629219,262006161
1,NDI-MF2 s/n:3BAA9000,14406,Port:10,0,Enabled,0.141498,0.0880753,0.0758728,0.983089,18.3269,35.8366,-86.4546,0.0234182,0,1685629219,287053998
1,NDI-MF2 s/n:3BAA9000,14414,Port:10,0,Enabled,0.14022,0.0883332,0.0754718,0.98328,18.4461,35.5528,-86.7532,0.0214194,0,1685629219,312012834
1,NDI-MF2 s/n:3BAA9000,14422,Port:10,0,Enabled,0.139661,0.089151,0.0745079,0.983359,18.4123,35.4097,-86.9523,0.0127286,0,1685629219,337015219
1,NDI-MF2 s/n:3BAA9000,14430,Port:10,0,Enabled,0.138784,0.089517,0.0736719,0.983513,18.5353,35.1998,-87.1649,0.0173491,0,1685629219,362012042
1,NDI-MF2 s/n:3BAA9000,14438,Port:10,0,Enabled,0.137746,0.0899679,0.073276,0.983648,18.5975,34.9266,-87.365,0.0261973,0,1685629219,386961016
1,NDI-MF2 s/n:3BAA9000,14446,Port:10,0,Enabled,0.136934,0.0908491,0.0726244,0.983728,18.5023,34.7197,-87.591,0.0177449,0,1685629219,411952786
1,NDI-MF2 s/n:3BAA9000,14454,Port:10,0,Enabled,0.135965,0.0908568,0.0714662,0.983946,18.6344,34.4965,-87.8445,0.00888559,0,1685629219,437095114
1,NDI-MF2 s/n:3BAA9000,14462,Port:10,0,Enabled,0.13539,0.0911248,0.0703136,0.984084,18.7962,34.2691,-88.0449,0.00864836,0,1685629219,461942653
1,NDI-MF2 s/n:3BAA9000,14470,Port:10,0,Enabled,0.134301,0.0920416,0.0706014,0.984128,18.7582,33.9256,-88.2975,0.0261543,0,1685629219,486993039
1,NDI-MF2 s/n:3BAA9000,14478,Port:10,0,Enabled,0.13348,0.0928516,0.0702838,0.984186,18.8447,33.628,-88.5706,0.0218788,0,1685629219,511980094
1,NDI-MF2 s/n:3BAA9000,14486,Port:10,0,Enabled,0.133122,0.0935232,0.0687648,0.984278,19.0016,33.4934,-88.8172,0.0103396,0,1685629219,536935442
1,NDI-MF2 s/n:3BAA9000,14494,Port:10,0,Enabled,0.131977,0.0935339,0.0675361,0.984516,19.0671,33.3863,-89.1291,0.0114949,0,1685629219,561916460
1,NDI-MF2 s/n:3BAA9000,14502,Port:10,0,Enabled,0.130812,0.0936893,0.067384,0.984667,19.113,33.1513,-89.33,0.0291294,0,1685629219,586913558
1,NDI-MF2 s/n:3BAA9000,14510,Port:10,0,Enabled,0.130147,0.0947019,0.0672563,0.984668,19.1313,32.8222,-89.556,0.0185944,0,1685629219,611932338
1,NDI-MF2 s/n:3BAA9000,14518,Port:10,0,Enabled,0.129651,0.0951033,0.0660819,0.984774,19.2324,32.5987,-89.7397,0.00735386,0,1685629219,636924776
1,NDI-MF2 s/n:3BAA9000,14526,Port:10,0,Enabled,0.128925,0.0949784,0.0644823,0.984987,19.3761,32.3973,-89.9632,0.00794408,0,1685629219,661918084
1,NDI-MF2 s/n:3BAA9000,14534,Port:10,0,Enabled,0.127613,0.0952447,0.0645764,0.985126,19.396,32.0589,-90.2537,0.0289482,0,1685629219,686920414
1,NDI-MF2 s/n:3BAA9000,14542,Port:10,0,Enabled,0.126958,0.0962538,0.0645893,0.985112,19.403,31.7093,-90.46,0.0241645,0,1685629219,711900068
1,NDI-MF2 s/n:3BAA9000,14550,Port:10,0,Enabled,0.126646,0.0970196,0.0631376,0.985171,19.37,31.5546,-90.6748,0.00908095,0,1685629219,736952872
1,NDI-MF2 s/n:3BAA9000,14558,Port:10,0,Enabled,0.125881,0.096913,0.0620176,0.985351,19.4218,31.3681,-90.8006,0.0121468,0,1685629219,761894366
1,NDI-MF2 s/n:3BAA9000,14566,Port:10,0,Enabled,0.124885,0.0972444,0.061398,0.985483,19.5054,31.0898,-91.0483,0.0265581,0,1685629219,786879937
1,NDI-MF2 s/n:3BAA9000,14574,Port:10,0,Enabled,0.123984,0.0984082,0.0616127,0.985468,19.4642,30.7443,-91.2987,0.0264093,0,1685629219,811983344
1,NDI-MF2 s/n:3BAA9000,14582,Port:10,0,Enabled,0.123308,0.0989897,0.0607372,0.985549,19.4582,30.5209,-91.4774,0.0131382,0,1685629219,836887322
1,NDI-MF2 s/n:3BAA9000,14590,Port:10,0,Enabled,0.123042,0.0991698,0.0586964,0.985688,19.5713,30.4767,-91.6809,0.00866273,0,1685629219,861856661
1,NDI-MF2 s/n:3BAA9000,14598,Port:10,0,Enabled,0.121825,0.099172,0.058176,0.98587,19.7507,30.151,-92.0557,0.0168741,0,1685629219,886887363
1,NDI-MF2 s/n:3BAA9000,14606,Port:10,0,Enabled,0.120777,0.0997854,0.0584294,0.985922,19.7554,29.8274,-92.3014,0.0275205,0,1685629219,911003479
1,NDI-MF2 s/n:3BAA9000,14614,Port:10,0,Enabled,0.120365,0.100516,0.0572448,0.985967,19.7291,29.725,-92.5172,0.00997275,0,1685629219,935940555
1,NDI-MF2 s/n:3BAA9000,14622,Port:10,0,Enabled,0.119543,0.100521,0.055837,0.986148,19.6806,29.6217,-92.7441,0.00857279,0,1685629219,960948686
1,NDI-MF2 s/n:3BAA9000,14630,Port:10,0,Enabled,0.118423,0.100409,0.0552648,0.986326,19.7504,29.373,-93.0209,0.0224669,0,1685629219,985907728
1,NDI-MF2 s/n:3BAA9000,14638,Port:10,0,Enabled,0.117544,0.101281,0.0551075,0.986351,19.7134,29.0425,-93.2609,0.017638,0,1685629220,10924241
1,NDI-MF2 s/n:3BAA9000,14646,Port:10,0,Enabled,0.116883,0.1019,0.0542984,0.986411,19.6187,28.7593,-93.404,0.0134305,0,1685629220,35926177
1,NDI-MF2 s/n:3BAA9000,14654,Port:10,0,Enabled,0.116277,0.101837,0.0524925,0.986587,19.654,28.6381,-93.5188,0.0142736,0,1685629220,60906095
1,NDI-MF2 s/n:3BAA9000,14662,Port:10,0,Enabled,0.115262,0.102046,0.0516829,0.986727,19.7118,28.3492,-93.8254,0.0237547,0,1685629220,85893603
1,NDI-MF2 s/n:3BAA9000,14670,Port:10,0,Enabled,0.114317,0.102796,0.0515297,0.986767,19.7696,27.969,-94.1541,0.0283584,0,1685629220,110931723
1,NDI-MF2 s/n:3BAA9000,14678,Port:10,0,Enabled,0.113803,0.103873,0.0505359,0.986765,19.6903,27.7354,-94.3756,0.00717625,0,1685629220,135876860
1,NDI-MF2 s/n:3BAA9000,14686,Port:10,0,Enabled,0.113088,0.103767,0.0489759,0.986937,19.7929,27.6126,-94.6052,0.0112156,0,1685629220,160864334
1,NDI-MF2 s/n:3BAA9000,14694,Port:10,0,Enabled,0.111929,0.103303,0.0482661,0.987153,19.9347,27.33,-94.9309,0.0293675,0,1685629220,185927549
1,NDI-MF2 s/n:3BAA9000,14702,Port:10,0,Enabled,0.111138,0.104356,0.0487935,0.987106,19.8718,26.9989,-95.1703,0.0222991,0,1685629220,210901763
1,NDI-MF2 s/n:3BAA9000,14710,Port:10,0,Enabled,0.110724,0.105249,0.048494,0.987072,19.8413,26.7368,-95.2979,0.0103539,0,1685629220,235883018
1,NDI-MF2 s/n:3BAA9000,14718,Port:10,0,Enabled,0.110205,0.104726,0.0455143,0.987328,19.9879,26.6948,-95.5561,0.0157722,0,1685629220,260964503
1,NDI-MF2 s/n:3BAA9000,14726,Port:10,0,Enabled,0.10899,0.104447,0.0455486,0.98749,19.9926,26.3084,-95.8215,0.0247783,0,1685629220,285890438
1,NDI-MF2 s/n:3BAA9000,14734,Port:10,0,Enabled,0.10831,0.105557,0.0458796,0.987432,19.8968,26.0537,-96.056,0.0300616,0,1685629220,310892402
1,NDI-MF2 s/n:3BAA9000,14742,Port:10,0,Enabled,0.107964,0.106508,0.0448466,0.987415,19.8467,25.9055,-96.2061,0.0172758,0,1685629220,335841552
1,NDI-MF2 s/n:3BAA9000,14750,Port:10,0,Enabled,0.107342,0.106173,0.0427442,0.987612,19.9461,25.8394,-96.4538,0.0208555,0,1685629220,360831439
1,NDI-MF2 s/n:3BAA9000,14758,Port:10,0,Enabled,0.106243,0.105514,0.0416152,0.98785,20.0467,25.6287,-96.8399,0.0285874,0,1685629220,385835195
1,NDI-MF2 s/n:3BAA9000,14766,Port:10,0,Enabled,0.105432,0.106713,0.0425885,0.987766,19.9384,25.1549,-97.0793,0.0265675,0,1685629220,410808982
1,NDI-MF2 s/n:3BAA9000,14774,Port:10,0,Enabled,0.104981,0.107599,0.0422422,0.987733,19.8667,24.8004,-97.1792,0.0124296,0,1685629220,435818742
1,NDI-MF2 s/n:3BAA9000,14782,Port:10,0,Enabled,0.104695,0.10722,0.0394203,0.987922,19.9442,24.7414,-97.3747,0.0198881,0,1685629220,460859965
1,NDI-MF2 s/n:3BAA9000,14790,Port:10,0,Enabled,0.103554,0.106731,0.0390204,0.988111,20.0217,24.4083,-97.7398,0.0238885,0,1685629220,485855671
1,NDI-MF2 s/n:3BAA9000,14798,Port:10,0,Enabled,0.102919,0.107721,0.0393939,0.988055,19.9591,24.0873,-98.0059,0.0326195,0,1685629220,510869569
1,NDI-MF2 s/n:3BAA9000,14806,Port:10,0,Enabled,0.102614,0.108638,0.037819,0.988048,19.8854,23.9368,-98.1488,0.0173284,0,1685629220,535821735
1,NDI-MF2 s/n:3BAA9000,14814,Port:10,0,Enabled,0.10191,0.108139,0.0356255,0.988256,19.9012,23.7537,-98.3674,0.0245301,0,1685629220,560806886
1,NDI-MF2 s/n:3BAA9000,14822,Port:10,0,Enabled,0.100764,0.107204,0.0345943,0.988513,19.9571,23.5066,-98.7196,0.0281485,0,1685629220,585811090
1,NDI-MF2 s/n:3BAA9000,14830,Port:10,0,Enabled,0.100026,0.108257,0.0357701,0.988431,19.7892,23.1126,-98.9469,0.0477992,0,1685629220,610841155
1,NDI-MF2 s/n:3BAA9000,14838,Port:10,0,Enabled,0.0997828,0.109554,0.035168,0.988334,19.6645,22.8514,-99.0641,0.0144339,0,1685629220,635854656
1,NDI-MF2 s/n:3BAA9000,14846,Port:10,0,Enabled,0.0993418,0.109237,0.0325339,0.988504,19.6991,22.7284,-99.2597,0.0244728,0,1685629220,660884476
1,NDI-MF2 s/n:3BAA9000,14854,Port:10,0,Enabled,0.098296,0.108444,0.0315375,0.988728,19.7755,22.5091,-99.6086,0.0171087,0,1685629220,685939107
1,NDI-MF2 s/n:3BAA9000,14862,Port:10,0,Enabled,0.0976026,0.109103,0.0318407,0.988715,19.6945,22.2426,-99.9277,0.0378076,0,1685629220,710908233
1,NDI-MF2 s/n:3BAA9000,14870,Port:10,0,Enabled,0.0969777,0.110246,0.0311949,0.98867,19.5676,21.9765,-100.081,0.0104593,0,1685629220,735798141
1,NDI-MF2 s/n:3BAA9000,14878,Port:10,0,Enabled,0.0963612,0.109858,0.0294625,0.988826,19.5916,21.8095,-100.235,0.0141605,0,1685629220,760804873
1,NDI-MF2 s/n:3BAA9000,14886,Port:10,0,Enabled,0.0956339,0.109344,0.0281349,0.988993,19.6427,21.6416,-100.545,0.0287585,0,1685629220,785842113
1,NDI-MF2 s/n:3BAA9000,14894,Port:10,0,Enabled,0.0947828,0.110435,0.029108,0.988925,19.4554,21.2501,-100.726,0.0274478,0,1685629220,810821674
1,NDI-MF2 s/n:3BAA9000,14902,Port:10,0,Enabled,0.0943194,0.111146,0.0280231,0.988921,19.4043,21.0493,-100.788,0.0158254,0,1685629220,835879194
1,NDI-MF2 s/n:3BAA9000,14910,Port:10,0,Enabled,0.093892,0.110514,0.0252073,0.989109,19.5096,20.9721,-101.07,0.0225474,0,1685629220,860841440
1,NDI-MF2 s/n:3BAA9000,14918,Port:10,0,Enabled,0.0931019,0.109856,0.0243163,0.989279,19.5659,20.6533,-101.463,0.0252687,0,1685629220,885831408
1,NDI-MF2 s/n:3BAA9000,14926,Port:10,0,Enabled,0.0924343,0.110607,0.0250116,0.98924,19.3854,20.2221,-101.698,0.0372028,0,1685629220,910795161
1,NDI-MF2 s/n:3BAA9000,14934,Port:10,0,Enabled,0.0916774,0.111641,0.024476,0.989208,19.2015,19.9234,-101.763,0.0157482,0,1685629220,935707433
1,NDI-MF2 s/n:3BAA9000,14942,Port:10,0,Enabled,0.0911416,0.111043,0.0222827,0.989377,19.2357,19.8388,-101.954,0.0198466,0,1685629220,960704047
1,NDI-MF2 s/n:3BAA9000,14950,Port:10,0,Enabled,0.0905231,0.110455,0.0210343,0.989527,19.2898,19.6907,-102.397,0.0256083,0,1685629220,985733439
1,NDI-MF2 s/n:3BAA9000,14958,Port:10,0,Enabled,0.0896977,0.111446,0.0223025,0.989463,19.1881,19.3065,-102.648,0.0325309,0,1685629221,10673473
1,NDI-MF2 s/n:3BAA9000,14966,Port:10,0,Enabled,0.0893416,0.112249,0.0212094,0.989428,19.0797,19.2046,-102.751,0.0104898,0,1685629221,35723941
1,NDI-MF2 s/n:3BAA9000,14974,Port:10,0,Enabled,0.0889417,0.11143,0.0178537,0.989623,19.1132,19.1887,-102.999,0.0204802,0,1685629221,60668641
1,NDI-MF2 s/n:3BAA9000,14982,Port:10,0,Enabled,0.0881865,0.110917,0.0170987,0.989762,19.1172,18.8228,-103.415,0.0194852,0,1685629221,85669953
1,NDI-MF2 s/n:3BAA9000,14990,Port:10,0,Enabled,0.0876265,0.111257,0.0181744,0.989754,19.0818,18.3307,-103.726,0.0577299,0,1685629221,110685485
1,NDI-MF2 s/n:3BAA9000,14998,Port:10,0,Enabled,0.0871428,0.112765,0.017707,0.989635,18.9743,17.9949,-103.768,0.0108902,0,1685629221,135713984
1,NDI-MF2 s/n:3BAA9000,15006,Port:10,0,Enabled,0.0866925,0.112452,0.015567,0.989746,18.9816,17.7982,-103.927,0.0238015,0,1685629221,160695717
1,NDI-MF2 s/n:3BAA9000,15014,Port:10,0,Enabled,0.0863355,0.111188,0.0137614,0.989947,19.0281,17.6334,-104.345,0.0270401,0,1685629221,185656607
1,NDI-MF2 s/n:3BAA9000,15022,Port:10,0,Enabled,0.0859386,0.111831,0.0146595,0.989896,18.8781,17.2662,-104.635,0.0445273,0,1685629221,210644847
1,NDI-MF2 s/n:3BAA9000,15030,Port:10,0,Enabled,0.0855656,0.112879,0.0145193,0.989812,18.6851,17.0204,-104.726,0.0195538,0,1685629221,235648367
1,NDI-MF2 s/n:3BAA9000,15038,Port:10,0,Enabled,0.0849809,0.112367,0.0113111,0.989962,18.6634,17.059,-104.945,0.0270577,0,1685629221,260631940
1,NDI-MF2 s/n:3BAA9000,15046,Port:10,0,Enabled,0.0843612,0.11125,0.0101844,0.990153,18.6912,16.8243,-105.276,0.0140332,0,1685629221,285658146
1,NDI-MF2 s/n:3BAA9000,15054,Port:10,0,Enabled,0.0840978,0.11153,0.0112988,0.990132,18.5424,16.3671,-105.504,0.0527587,0,1685629221,310639375
1,NDI-MF2 s/n:3BAA9000,15062,Port:10,0,Enabled,0.0835105,0.112744,0.011069,0.990047,18.3852,16.0788,-105.564,0.0213667,0,1685629221,335618648
1,NDI-MF2 s/n:3BAA9000,15070,Port:10,0,Enabled,0.0829694,0.112677,0.00859254,0.990124,18.3861,16.1069,-105.725,0.020245,0,1685629221,360633665
1,NDI-MF2 s/n:3BAA9000,15078,Port:10,0,Enabled,0.0825088,0.111339,0.00615153,0.990332,18.466,16.1101,-106.217,0.0214854,0,1685629221,385651537
1,NDI-MF2 s/n:3BAA9000,15086,Port:10,0,Enabled,0.0818842,0.111765,0.00695271,0.990331,18.3264,15.6827,-106.483,0.0349971,0,1685629221,410690928
1,NDI-MF2 s/n:3BAA9000,15094,Port:10,0,Enabled,0.0814015,0.1127,0.00727822,0.990263,18.0546,15.2394,-106.468,0.0211169,0,1685629221,434784781
1,NDI-MF2 s/n:3BAA9000,15102,Port:10,0,Enabled,0.0807622,0.112334,0.00440916,0.990373,17.9943,15.1395,-106.599,0.0209094,0,1685629221,459745053
1,NDI-MF2 s/n:3BAA9000,15110,Port:10,0,Enabled,0.0804993,0.111448,0.0037744,0.990498,17.9998,14.8572,-106.88,0.0234724,0,1685629221,484655896
1,NDI-MF2 s/n:3BAA9000,15118,Port:10,0,Enabled,0.0803151,0.112049,0.00406957,0.990443,17.9117,14.5209,-107.171,0.0348281,0,1685629221,509613868
1,NDI-MF2 s/n:3BAA9000,15126,Port:10,0,Enabled,0.0795719,0.112805,0.002599,0.990422,17.8439,14.3456,-107.329,0.0175647,0,1685629221,534617252
1,NDI-MF2 s/n:3BAA9000,15134,Port:10,0,Enabled,0.0789411,0.111901,0.000271393,0.990579,17.7916,14.2707,-107.598,0.0208017,0,1685629221,559692565
1,NDI-MF2 s/n:3BAA9000,15142,Port:10,0,Enabled,0.0785712,0.11105,-1.10746e-06,0.990704,17.6976,14.0748,-107.959,0.0336277,0,1685629221,584667693
1,NDI-MF2 s/n:3BAA9000,15150,Port:10,0,Enabled,0.0782799,0.111784,0.00105429,0.990644,17.4711,13.7314,-108.091,0.047618,0,1685629221,609627302
1,NDI-MF2 s/n:3BAA9000,15158,Port:10,0,Enabled,0.0777943,0.112137,-0.00175113,0.990641,17.4167,13.7127,-108.382,0.0079278,0,1685629221,634615483
1,NDI-MF2 s/n:3BAA9000,15166,Port:10,0,Enabled,0.0768475,0.111277,-0.00453623,0.990803,17.531,13.649,-108.803,0.0194235,0,1685629221,659647909
1,NDI-MF2 s/n:3BAA9000,15174,Port:10,0,Enabled,0.0767406,0.110565,-0.00358339,0.990895,17.4447,13.2396,-109.115,0.045835,0,1685629221,684603437
1,NDI-MF2 s/n:3BAA9000,15182,Port:10,0,Enabled,0.0767139,0.111462,-0.00265051,0.9908,17.2393,12.8878,-109.252,0.0528001,0,1685629221,709658011
1,NDI-MF2 s/n:3BAA9000,15190,Port:10,0,Enabled,0.0760046,0.112683,-0.00418214,0.990711,17.1231,12.67,-109.271,0.0207648,0,1685629221,734613296
1,NDI-MF2 s/n:3BAA9000,15198,Port:10,0,Enabled,0.0755086,0.111473,-0.00767317,0.990865,17.1798,12.6894,-109.693,0.0340262,0,1685629221,759595717
1,NDI-MF2 s/n:3BAA9000,15206,Port:10,0,Enabled,0.0753049,0.109994,-0.00827014,0.991041,17.1378,12.3945,-110.144,0.0254137,0,1685629221,784559499
1,NDI-MF2 s/n:3BAA9000,15214,Port:10,0,Enabled,0.0755824,0.110933,-0.00601488,0.990931,16.7695,11.8939,-110.176,0.0588849,0,1685629221,809619504
1,NDI-MF2 s/n:3BAA9000,15222,Port:10,0,Enabled,0.0751397,0.111781,-0.00735151,0.990861,16.5994,11.658,-110.193,0.0158429,0,1685629221,834595496
1,NDI-MF2 s/n:3BAA9000,15230,Port:10,0,Enabled,0.0742988,0.111172,-0.0107947,0.990961,16.6065,11.6877,-110.419,0.0355517,0,1685629221,859562707
1,NDI-MF2 s/n:3BAA9000,15238,Port:10,0,Enabled,0.0743675,0.10989,-0.0109145,0.991098,16.5733,11.3835,-110.763,0.0208298,0,1685629221,884558414
1,NDI-MF2 s/n:3BAA9000,15246,Port:10,0,Enabled,0.0747202,0.110076,-0.00993005,0.991061,16.4234,11.0434,-111.04,0.0579645,0,1685629221,909625739
1,NDI-MF2 s/n:3BAA9000,15254,Port:10,0,Enabled,0.0741954,0.111064,-0.01091,0.99098,16.3065,10.864,-111.137,0.0228052,0,1685629221,934545480
1,NDI-MF2 s/n:3BAA9000,15262,Port:10,0,Enabled,0.0736549,0.110425,-0.0136367,0.991058,16.2823,10.7829,-111.489,0.0145825,0,1685629221,959578163
1,NDI-MF2 s/n:3BAA9000,15270,Port:10,0,Enabled,0.0733342,0.108969,-0.0151191,0.991222,16.3395,10.6071,-112.023,0.0297956,0,1685629221,984543746
1,NDI-MF2 s/n:3BAA9000,15278,Port:10,0,Enabled,0.0737476,0.109347,-0.0135243,0.991172,16.0435,10.2962,-112.145,0.0651073,0,1685629222,9583129
1,NDI-MF2 s/n:3BAA9000,15286,Port:10,0,Enabled,0.0732732,0.110102,-0.0147578,0.991106,15.8136,10.1572,-112.189,0.026019,0,1685629222,34552199
1,NDI-MF2 s/n:3BAA9000,15294,Port:10,0,Enabled,0.0722438,0.10924,-0.0184944,0.991214,15.8227,10.1174,-112.403,0.0284226,0,1685629222,59569442
1,NDI-MF2 s/n:3BAA9000,15302,Port:10,0,Enabled,0.0720775,0.107928,-0.0191132,0.991358,15.7252,9.91999,-112.749,0.0183409,0,1685629222,84533155
1,NDI-MF2 s/n:3BAA9000,15310,Port:10,0,Enabled,0.0725136,0.107847,-0.0170623,0.991373,15.4284,9.61573,-112.908,0.0688384,0,1685629222,109625694
1,NDI-MF2 s/n:3BAA9000,15318,Port:10,0,Enabled,0.0719763,0.109232,-0.0176485,0.99125,15.1584,9.46276,-112.866,0.0307188,0,1685629222,134529168
1,NDI-MF2 s/n:3BAA9000,15326,Port:10,0,Enabled,0.0709128,0.109101,-0.0207204,0.991282,15.0491,9.40956,-113.046,0.025172,0,1685629222,159542072
1,NDI-MF2 s/n:3BAA9000,15334,Port:10,0,Enabled,0.0708825,0.107599,-0.0229453,0.991399,14.9863,9.34067,-113.522,0.0166792,0,1685629222,184543477
1,NDI-MF2 s/n:3BAA9000,15342,Port:10,0,Enabled,0.071009,0.107346,-0.0218493,0.991442,14.8342,8.95018,-113.799,0.0464753,0,1685629222,209515657
1,NDI-MF2 s/n:3BAA9000,15350,Port:10,0,Enabled,0.0709496,0.108143,-0.0217521,0.991362,14.6259,8.61711,-113.769,0.0389882,0,1685629222,234515113
1,NDI-MF2 s/n:3BAA9000,15358,Port:10,0,Enabled,0.0699845,0.108,-0.0252825,0.991362,14.6475,8.46522,-114.004,0.0219893,0,1685629222,259487615
1,NDI-MF2 s/n:3BAA9000,15366,Port:10,0,Enabled,0.0699418,0.10669,-0.0268001,0.991468,14.6702,8.18118,-114.461,0.0177068,0,1685629222,284500341
1,NDI-MF2 s/n:3BAA9000,15374,Port:10,0,Enabled,0.0706564,0.106082,-0.0255995,0.991514,14.5327,7.82485,-114.804,0.0531096,0,1685629222,309585996
1,NDI-MF2 s/n:3BAA9000,15382,Port:10,0,Enabled,0.0703069,0.107156,-0.0257714,0.991418,14.3299,7.53986,-114.787,0.0242409,0,1685629222,334491081
1,NDI-MF2 s/n:3BAA9000,15390,Port:10,0,Enabled,0.0696342,0.107178,-0.0280251,0.991403,14.2194,7.5033,-114.976,0.0260846,0,1685629222,359482400
1,NDI-MF2 s/n:3BAA9000,15398,Port:10,0,Enabled,0.0694428,0.105557,-0.0301112,0.991529,14.2141,7.46156,-115.514,0.0198645,0,1685629222,384496122
1,NDI-MF2 s/n:3BAA9000,15406,Port:10,0,Enabled,0.0701852,0.105308,-0.0288222,0.991541,13.9288,7.16069,-115.719,0.0427805,0,1685629222,409440855
1,NDI-MF2 s/n:3BAA9000,15414,Port:10,0,Enabled,0.0704958,0.105852,-0.0284025,0.991473,13.6244,6.96346,-115.711,0.047765,0,1685629222,434442195
1,NDI-MF2 s/n:3BAA9000,15422,Port:10,0,Enabled,0.069369,0.105443,-0.0320792,0.991484,13.5436,6.98894,-115.934,0.0144198,0,1685629222,459442706
1,NDI-MF2 s/n:3BAA9000,15430,Port:10,0,Enabled,0.0692393,0.104247,-0.0337222,0.991565,13.4495,6.69266,-116.271,0.0185807,0,1685629222,484480172
1,NDI-MF2 s/n:3BAA9000,15438,Port:10,0,Enabled,0.0700711,0.103491,-0.032483,0.991627,13.343,6.2841,-116.597,0.0466085,0,1685629222,509527421
1,NDI-MF2 s/n:3BAA9000,15446,Port:10,0,Enabled,0.0699146,0.104307,-0.0326903,0.991546,13.1066,6.11548,-116.588,0.0297613,0,1685629222,534440604
1,NDI-MF2 s/n:3BAA9000,15454,Port:10,0,Enabled,0.0692989,0.104387,-0.0344624,0.991521,12.9142,5.98762,-116.74,0.0154187,0,1685629222,559411321
1,NDI-MF2 s/n:3BAA9000,15462,Port:10,0,Enabled,0.0690368,0.10317,-0.0366272,0.991589,12.9538,5.91749,-117.262,0.0180098,0,1685629222,584407657
1,NDI-MF2 s/n:3BAA9000,15470,Port:10,0,Enabled,0.0699278,0.102979,-0.0349334,0.991607,12.6168,5.63518,-117.337,0.0421627,0,1685629222,609445598
1,NDI-MF2 s/n:3BAA9000,15478,Port:10,0,Enabled,0.0698099,0.103147,-0.0359822,0.991561,12.4244,5.51489,-117.412,0.026602,0,1685629222,634428428
1,NDI-MF2 s/n:3BAA9000,15486,Port:10,0,Enabled,0.0687623,0.102439,-0.0395907,0.99157,12.4424,5.49659,-117.756,0.027074,0,1685629222,659400117
1,NDI-MF2 s/n:3BAA9000,15494,Port:10,0,Enabled,0.0691489,0.101267,-0.0402163,0.991638,12.3238,5.27991,-118.17,0.0186215,0,1685629222,684356593
1,NDI-MF2 s/n:3BAA9000,15502,Port:10,0,Enabled,0.0701403,0.10076,-0.0389745,0.99167,12.0926,4.94479,-118.361,0.0517405,0,1685629222,709355868
1,NDI-MF2 s/n:3BAA9000,15510,Port:10,0,Enabled,0.0695455,0.101532,-0.0398513,0.991598,11.8345,4.8246,-118.277,0.0199353,0,1685629222,734376841
1,NDI-MF2 s/n:3BAA9000,15518,Port:10,0,Enabled,0.0687176,0.100999,-0.0419655,0.991623,11.7252,4.81923,-118.614,0.0173484,0,1685629222,759344708
1,NDI-MF2 s/n:3BAA9000,15526,Port:10,0,Enabled,0.0688127,0.0998131,-0.0436307,0.991665,11.6252,4.78244,-119.217,0.0179786,0,1685629222,784368856
1,NDI-MF2 s/n:3BAA9000,15534,Port:10,0,Enabled,0.0698487,0.0996951,-0.0424946,0.991653,11.2819,4.46382,-119.319,0.0435145,0,1685629222,809388131
1,NDI-MF2 s/n:3BAA9000,15542,Port:10,0,Enabled,0.0703717,0.0998233,-0.0424662,0.991605,10.9515,4.23053,-119.207,0.0521061,0,1685629222,834352231
1,NDI-MF2 s/n:3BAA9000,15550,Port:10,0,Enabled,0.0687995,0.0995776,-0.0459857,0.991583,10.9416,4.20374,-119.432,0.0134542,0,1685629222,859357742
1,NDI-MF2 s/n:3BAA9000,15558,Port:10,0,Enabled,0.0691554,0.0982813,-0.0471739,0.991631,10.8767,4.05832,-119.892,0.0172555,0,1685629222,884322196
1,NDI-MF2 s/n:3BAA9000,15566,Port:10,0,Enabled,0.0702571,0.0976212,-0.0463505,0.991658,10.6963,3.83758,-120.264,0.0527047,0,1685629222,909341076
1,NDI-MF2 s/n:3BAA9000,15574,Port:10,0,Enabled,0.0700153,0.0980471,-0.0469563,0.991605,10.5175,3.70543,-120.203,0.0331442,0,1685629222,934314028
1,NDI-MF2 s/n:3BAA9000,15582,Port:10,0,Enabled,0.0690551,0.0977678,-0.0489853,0.991601,10.3803,3.62124,-120.449,0.0124146,0,1685629222,959288648
1,NDI-MF2 s/n:3BAA9000,15590,Port:10,0,Enabled,0.0690513,0.0966587,-0.0506239,0.991628,10.2522,3.46869,-120.971,0.0165753,0,1685629222,984352489
1,NDI-MF2 s/n:3BAA9000,15598,Port:10,0,Enabled,0.0702494,0.0963533,-0.0500694,0.991602,9.95556,3.14757,-121.097,0.03156,0,1685629223,8367726
1,NDI-MF2 s/n:3BAA9000,15606,Port:10,0,Enabled,0.0709103,0.0962547,-0.0499177,0.991572,9.62339,2.87882,-120.986,0.0422827,0,1685629223,33364686
1,NDI-MF2 s/n:3BAA9000,15614,Port:10,0,Enabled,0.0694991,0.0960033,-0.0528541,0.991544,9.57547,2.84843,-121.187,0.015011,0,1685629223,58436418
1,NDI-MF2 s/n:3BAA9000,15622,Port:10,0,Enabled,0.0699313,0.0946222,-0.0540732,0.991581,9.51818,2.68987,-121.691,0.0179431,0,1685629223,83385825
1,NDI-MF2 s/n:3BAA9000,15630,Port:10,0,Enabled,0.0708466,0.0940808,-0.0540213,0.99157,9.36571,2.5817,-121.989,0.0300247,0,1685629223,108322534
1,NDI-MF2 s/n:3BAA9000,15638,Port:10,0,Enabled,0.0706114,0.0943971,-0.0543168,0.991541,9.07802,2.51611,-121.842,0.0172456,0,1685629223,133327915
1,NDI-MF2 s/n:3BAA9000,15646,Port:10,0,Enabled,0.0699635,0.0940642,-0.0557145,0.991541,8.9104,2.39026,-121.979,0.0189633,0,1685629223,158393238
1,NDI-MF2 s/n:3BAA9000,15654,Port:10,0,Enabled,0.0700843,0.0930645,-0.0574795,0.991526,8.84559,2.25831,-122.637,0.0248909,0,1685629223,183358149
1,NDI-MF2 s/n:3BAA9000,15662,Port:10,0,Enabled,0.0717826,0.0923656,-0.0570567,0.991494,8.5166,2.06279,-122.896,0.0287525,0,1685629223,208373733
1,NDI-MF2 s/n:3BAA9000,15670,Port:10,0,Enabled,0.072175,0.0922916,-0.0570292,0.991474,8.24607,1.83784,-122.77,0.0341384,0,1685629223,233337192
1,NDI-MF2 s/n:3BAA9000,15678,Port:10,0,Enabled,0.0710159,0.0919191,-0.0597,0.991435,8.25845,1.74749,-122.944,0.0181725,0,1685629223,258332458
1,NDI-MF2 s/n:3BAA9000,15686,Port:10,0,Enabled,0.0719578,0.0906121,-0.0599114,0.991475,8.06368,1.52896,-123.375,0.0205016,0,1685629223,283305961
1,NDI-MF2 s/n:3BAA9000,15694,Port:10,0,Enabled,0.0732949,0.0900488,-0.059757,0.991438,7.77103,1.40022,-123.683,0.0403095,0,1685629223,308291747
1,NDI-MF2 s/n:3BAA9000,15702,Port:10,0,Enabled,0.0734258,0.0901209,-0.0600792,0.991402,7.59023,1.29961,-123.578,0.0334645,0,1685629223,333317489
1,NDI-MF2 s/n:3BAA9000,15710,Port:10,0,Enabled,0.0725021,0.0897015,-0.0616135,0.991413,7.4694,1.20589,-123.881,0.0144853,0,1685629223,358357542
1,NDI-MF2 s/n:3BAA9000,15718,Port:10,0,Enabled,0.0725514,0.0887691,-0.0633874,0.991382,7.34145,1.13743,-124.454,0.0191327,0,1685629223,383302842
1,NDI-MF2 s/n:3BAA9000,15726,Port:10,0,Enabled,0.0743326,0.0882403,-0.0633182,0.991302,7.00177,0.991881,-124.59,0.023918,0,1685629223,408276920
1,NDI-MF2 s/n:3BAA9000,15734,Port:10,0,Enabled,0.0754302,0.0876976,-0.0630192,0.991286,6.68421,0.754004,-124.38,0.0448921,0,1685629223,433282202
1,NDI-MF2 s/n:3BAA9000,15742,Port:10,0,Enabled,0.0741279,0.0873874,-0.0650951,0.991278,6.60795,0.604507,-124.538,0.0109824,0,1685629223,458272513
1,NDI-MF2 s/n:3BAA9000,15750,Port:10,0,Enabled,0.074472,0.0862614,-0.0666305,0.991248,6.55372,0.40404,-125.139,0.0184629,0,1685629223,483273496
1,NDI-MF2 s/n:3BAA9000,15758,Port:10,0,Enabled,0.0761186,0.0855871,-0.0665455,0.991187,6.27012,0.270789,-125.577,0.0276073,0,1685629223,508273533
1,NDI-MF2 s/n:3BAA9000,15766,Port:10,0,Enabled,0.0764386,0.0852958,-0.0668443,0.991168,6.08899,0.215774,-125.49,0.0294164,0,1685629223,533297233
1,NDI-MF2 s/n:3BAA9000,15774,Port:10,0,Enabled,0.0757528,0.084959,-0.067764,0.991187,5.93707,0.09302,-125.668,0.0121841,0,1685629223,558348766
1,NDI-MF2 s/n:3BAA9000,15782,Port:10,0,Enabled,0.075684,0.0841698,-0.0695327,0.991137,5.85437,-0.0440202,-126.167,0.0186346,0,1685629223,583289509
1,NDI-MF2 s/n:3BAA9000,15790,Port:10,0,Enabled,0.0781021,0.083544,-0.0687629,0.991056,5.38855,-0.154544,-126.11,0.0277474,0,1685629223,608271404
1,NDI-MF2 s/n:3BAA9000,15798,Port:10,0,Enabled,0.0791382,0.0828672,-0.0686996,0.991035,5.0372,-0.220616,-126.02,0.0459318,0,1685629223,633250986
1,NDI-MF2 s/n:3BAA9000,15806,Port:10,0,Enabled,0.0772664,0.082318,-0.070937,0.991071,5.03065,-0.309457,-126.23,0.0113769,0,1685629223,658340308
1,NDI-MF2 s/n:3BAA9000,15814,Port:10,0,Enabled,0.0776766,0.0813526,-0.0722439,0.991024,4.83629,-0.483557,-126.754,0.02017,0,1685629223,683271989
1,NDI-MF2 s/n:3BAA9000,15822,Port:10,0,Enabled,0.0794735,0.0808227,-0.0725156,0.990905,4.52038,-0.552427,-127.163,0.0209529,0,1685629223,708229529
1,NDI-MF2 s/n:3BAA9000,15830,Port:10,0,Enabled,0.0800893,0.0804266,-0.0726193,0.99088,4.34324,-0.664485,-127.049,0.0304521,0,1685629223,733346209
1,NDI-MF2 s/n:3BAA9000,15838,Port:10,0,Enabled,0.0791632,0.0800462,-0.0733744,0.99093,4.21416,-0.768636,-127.245,0.0153852,0,1685629223,758245128
1,NDI-MF2 s/n:3BAA9000,15846,Port:10,0,Enabled,0.0790727,0.0793689,-0.0747862,0.990886,4.02572,-0.874328,-127.664,0.0174165,0,1685629223,783212313
1,NDI-MF2 s/n:3BAA9000,15854,Port:10,0,Enabled,0.0813643,0.0785987,-0.0749688,0.990748,3.61946,-0.950569,-127.702,0.0192258,0,1685629223,808293121
1,NDI-MF2 s/n:3BAA9000,15862,Port:10,0,Enabled,0.0817828,0.0778932,-0.0755092,0.990728,3.39304,-0.935252,-127.736,0.0271797,0,1685629223,833220592
1,NDI-MF2 s/n:3BAA9000,15870,Port:10,0,Enabled,0.0802657,0.077013,-0.077342,0.99078,3.37204,-1.05319,-127.986,0.0185122,0,1685629223,858190331
1,NDI-MF2 s/n:3BAA9000,15878,Port:10,0,Enabled,0.080784,0.0764023,-0.0784773,0.990696,3.21868,-1.20285,-128.485,0.0267635,0,1685629223,883197292
1,NDI-MF2 s/n:3BAA9000,15886,Port:10,0,Enabled,0.0830893,0.0757744,-0.0788114,0.990527,2.92419,-1.21005,-128.783,0.0153774,0,1685629223,908182331
1,NDI-MF2 s/n:3BAA9000,15894,Port:10,0,Enabled,0.0837445,0.075152,-0.0784662,0.990547,2.63091,-1.28776,-128.56,0.0286623,0,1685629223,933174743
1,NDI-MF2 s/n:3BAA9000,15902,Port:10,0,Enabled,0.0828377,0.0746549,-0.0792308,0.9906,2.51762,-1.43234,-128.785,0.0169587,0,1685629223,958232062
1,NDI-MF2 s/n:3BAA9000,15910,Port:10,0,Enabled,0.082831,0.0742334,-0.0807982,0.990505,2.3734,-1.54458,-129.376,0.0240543,0,1685629223,983176908
1,NDI-MF2 s/n:3BAA9000,15918,Port:10,0,Enabled,0.0854182,0.0734848,-0.0810528,0.99032,1.91648,-1.58345,-129.492,0.0104661,0,1685629224,8129312
1,NDI-MF2 s/n:3BAA9000,15926,Port:10,0,Enabled,0.0870175,0.0723952,-0.0813429,0.990238,1.63874,-1.6373,-129.406,0.0318886,0,1685629224,33144725
1,NDI-MF2 s/n:3BAA9000,15934,Port:10,0,Enabled,0.0851944,0.0715961,-0.0826945,0.990342,1.70082,-1.79118,-129.513,0.0141356,0,1685629224,58121608
1,NDI-MF2 s/n:3BAA9000,15942,Port:10,0,Enabled,0.0850525,0.0708672,-0.0837386,0.990319,1.58359,-1.94651,-130.002,0.0266929,0,1685629224,83126574
1,NDI-MF2 s/n:3BAA9000,15950,Port:10,0,Enabled,0.0871641,0.0703582,-0.0844005,0.990116,1.25206,-1.98154,-130.375,0.0180073,0,1685629224,108117084
1,NDI-MF2 s/n:3BAA9000,15958,Port:10,0,Enabled,0.0881715,0.0696614,-0.084162,0.990096,0.881016,-1.97981,-130.256,0.0190986,0,1685629224,133263279
1,NDI-MF2 s/n:3BAA9000,15966,Port:10,0,Enabled,0.0876106,0.0690972,-0.084739,0.990136,0.686527,-2.09566,-130.502,0.0152616,0,1685629224,158091553
1,NDI-MF2 s/n:3BAA9000,15974,Port:10,0,Enabled,0.0879473,0.0687573,-0.0858507,0.990034,0.471376,-2.28071,-130.969,0.0206638,0,1685629224,183127838
1,NDI-MF2 s/n:3BAA9000,15982,Port:10,0,Enabled,0.0906006,0.0678485,-0.0866498,0.989788,0.148808,-2.34805,-131.088,0.00626682,0,1685629224,208142650
1,NDI-MF2 s/n:3BAA9000,15990,Port:10,0,Enabled,0.0923208,0.0665995,-0.0871376,0.989671,-0.0651717,-2.45547,-130.989,0.0242811,0,1685629224,233142072
1,NDI-MF2 s/n:3BAA9000,15998,Port:10,0,Enabled,0.0909926,0.0655748,-0.087574,0.989824,-0.0625086,-2.69031,-131.082,0.0200892,0,1685629224,258113901
1,NDI-MF2 s/n:3BAA9000,16006,Port:10,0,Enabled,0.0908536,0.065036,-0.0889168,0.989753,-0.204786,-2.77492,-131.669,0.0244903,0,1685629224,283103651
1,NDI-MF2 s/n:3BAA9000,16014,Port:10,0,Enabled,0.0929686,0.0647675,-0.089569,0.989515,-0.585168,-2.77151,-132.118,0.0201673,0,1685629224,308066907
1,NDI-MF2 s/n:3BAA9000,16022,Port:10,0,Enabled,0.0948912,0.0638464,-0.0891134,0.989433,-1.00703,-2.84509,-131.883,0.0164361,0,1685629224,333112838
1,NDI-MF2 s/n:3BAA9000,16030,Port:10,0,Enabled,0.0948321,0.0630363,-0.0888632,0.989513,-1.16462,-2.93903,-131.866,0.0226673,0,1685629224,358102701
1,NDI-MF2 s/n:3BAA9000,16038,Port:10,0,Enabled,0.0942298,0.0625331,-0.0897112,0.989527,-1.18423,-2.93492,-132.366,0.0170286,0,1685629224,383073094
1,NDI-MF2 s/n:3BAA9000,16046,Port:10,0,Enabled,0.0964938,0.0616456,-0.0909195,0.989254,-1.53701,-2.87036,-132.597,0.00939797,0,1685629224,408084972
1,NDI-MF2 s/n:3BAA9000,16054,Port:10,0,Enabled,0.0984644,0.0605925,-0.0914171,0.989079,-1.8643,-2.81971,-132.618,0.017513,0,1685629224,433035121
1,NDI-MF2 s/n:3BAA9000,16062,Port:10,0,Enabled,0.0970637,0.0596274,-0.0921725,0.989206,-1.88986,-2.89047,-132.784,0.0160223,0,1685629224,458031203
1,NDI-MF2 s/n:3BAA9000,16070,Port:10,0,Enabled,0.0969243,0.0590122,-0.0932837,0.989152,-2.08828,-2.99336,-133.207,0.022769,0,1685629224,483020981
1,NDI-MF2 s/n:3BAA9000,16078,Port:10,0,Enabled,0.0991994,0.0588217,-0.0940216,0.988868,-2.51198,-2.9717,-133.649,0.017982,0,1685629224,508016161
1,NDI-MF2 s/n:3BAA9000,16086,Port:10,0,Enabled,0.100885,0.0578424,-0.0941121,0.988747,-2.84956,-2.97797,-133.527,0.0103626,0,1685629224,533062364
1,NDI-MF2 s/n:3BAA9000,16094,Port:10,0,Enabled,0.100599,0.0568139,-0.0941862,0.988828,-2.98426,-3.09213,-133.513,0.018392,0,1685629224,557067273
1,NDI-MF2 s/n:3BAA9000,16102,Port:10,0,Enabled,0.099905,0.0564215,-0.0952318,0.988821,-3.06994,-3.20236,-133.999,0.0181761,0,1685629224,582061436
1,NDI-MF2 s/n:3BAA9000,16110,Port:10,0,Enabled,0.102096,0.0553393,-0.0966359,0.988522,-3.41818,-3.20486,-134.232,0.0184699,0,1685629224,607087553
1,NDI-MF2 s/n:3BAA9000,16118,Port:10,0,Enabled,0.103335,0.0543825,-0.0969265,0.988418,-3.74365,-3.21581,-134.273,0.00875749,0,1685629224,632041914
1,NDI-MF2 s/n:3BAA9000,16126,Port:10,0,Enabled,0.103177,0.0533442,-0.0975712,0.988428,-3.82691,-3.25288,-134.397,0.0148462,0,1685629224,657057585
1,NDI-MF2 s/n:3BAA9000,16134,Port:10,0,Enabled,0.103693,0.0526895,-0.0983826,0.988328,-4.02117,-3.37552,-134.726,0.0212845,0,1685629224,682051731
1,NDI-MF2 s/n:3BAA9000,16142,Port:10,0,Enabled,0.105896,0.0521143,-0.0991107,0.988053,-4.26321,-3.44026,-134.949,0.0145619,0,1685629224,707051640
1,NDI-MF2 s/n:3BAA9000,16150,Port:10,0,Enabled,0.107307,0.0510552,-0.0983483,0.988032,-4.61624,-3.488,-134.773,0.0186469,0,1685629224,732034159
1,NDI-MF2 s/n:3BAA9000,16158,Port:10,0,Enabled,0.106476,0.0504391,-0.0982931,0.988159,-4.77822,-3.55668,-135.054,0.0152516,0,1685629224,757032906
1,NDI-MF2 s/n:3BAA9000,16166,Port:10,0,Enabled,0.106561,0.0502454,-0.0998514,0.988003,-4.97226,-3.5752,-135.552,0.0278416,0,1685629224,782030619
1,NDI-MF2 s/n:3BAA9000,16174,Port:10,0,Enabled,0.109813,0.0491988,-0.101226,0.987559,-5.29805,-3.55457,-135.656,0.0176983,0,1685629224,807041894
1,NDI-MF2 s/n:3BAA9000,16182,Port:10,0,Enabled,0.111841,0.0478663,-0.100658,0.987456,-5.52805,-3.60527,-135.505,0.00958154,0,1685629224,832022227
1,NDI-MF2 s/n:3BAA9000,16190,Port:10,0,Enabled,0.110277,0.0459484,-0.101053,0.987682,-5.37608,-3.55485,-135.472,0.0263445,0,1685629224,857022719
1,NDI-MF2 s/n:3BAA9000,16198,Port:10,0,Enabled,0.110976,0.0454375,-0.0993439,0.987801,-5.74719,-3.65679,-135.466,0.0360674,0,1685629224,881993489
1,NDI-MF2 s/n:3BAA9000,16206,Port:10,0,Enabled,0.113619,0.0453798,-0.100435,0.987393,-6.36682,-3.52326,-135.972,0.0162225,0,1685629224,907034056
1,NDI-MF2 s/n:3BAA9000,16214,Port:10,0,Enabled,0.115276,0.0442015,-0.101685,0.987126,-6.77263,-3.41181,-135.945,0.0147132,0,1685629224,931988922
1,NDI-MF2 s/n:3BAA9000,16222,Port:10,0,Enabled,0.114184,0.0431932,-0.101676,0.987299,-6.81094,-3.52416,-136.076,0.021878,0,1685629224,957052996
1,NDI-MF2 s/n:3BAA9000,16230,Port:10,0,Enabled,0.113709,0.0429163,-0.102854,0.987244,-6.81087,-3.5475,-136.612,0.0273852,0,1685629224,981994558
1,NDI-MF2 s/n:3BAA9000,16238,Port:10,0,Enabled,0.117071,0.0423382,-0.104016,0.986754,-7.28595,-3.42432,-136.941,0.0182568,0,1685629225,6997997
1,NDI-MF2 s/n:3BAA9000,16246,Port:10,0,Enabled,0.119619,0.0411223,-0.105373,0.986356,-7.69434,-3.23982,-137.077,0.00561222,0,1685629225,31950613
1,NDI-MF2 s/n:3BAA9000,16254,Port:10,0,Enabled,0.118315,0.0394735,-0.105309,0.986587,-7.69714,-3.34706,-137.07,0.015763,0,1685629225,56978715
1,NDI-MF2 s/n:3BAA9000,16262,Port:10,0,Enabled,0.117539,0.0388902,-0.105381,0.986695,-7.74736,-3.46345,-137.495,0.0224554,0,1685629225,81966462
1,NDI-MF2 s/n:3BAA9000,16270,Port:10,0,Enabled,0.119441,0.0391257,-0.107486,0.98623,-8.02226,-3.40344,-138.114,0.0317225,0,1685629225,106967004
1,NDI-MF2 s/n:3BAA9000,16278,Port:10,0,Enabled,0.122444,0.0379945,-0.107302,0.985926,-8.48272,-3.40988,-137.935,0.00757301,0,1685629225,131965940
1,NDI-MF2 s/n:3BAA9000,16286,Port:10,0,Enabled,0.122601,0.0368399,-0.10675,0.98601,-8.68715,-3.46547,-137.952,0.0053799,0,1685629225,156989986
1,NDI-MF2 s/n:3BAA9000,16294,Port:10,0,Enabled,0.122051,0.0360911,-0.108324,0.985935,-8.72095,-3.50533,-138.361,0.0225816,0,1685629225,181929101
1,NDI-MF2 s/n:3BAA9000,16302,Port:10,0,Enabled,0.125424,0.0351693,-0.108811,0.985491,-9.12166,-3.55824,-138.477,0.0170148,0,1685629225,206954216
1,NDI-MF2 s/n:3BAA9000,16310,Port:10,0,Enabled,0.127072,0.0338472,-0.108949,0.985311,-9.34435,-3.56598,-138.493,0.00314717,0,1685629225,231943221
1,NDI-MF2 s/n:3BAA9000,16318,Port:10,0,Enabled,0.126062,0.032222,-0.108185,0.985579,-9.32097,-3.66844,-138.53,0.0221422,0,1685629225,256922308
1,NDI-MF2 s/n:3BAA9000,16326,Port:10,0,Enabled,0.126623,0.0321563,-0.109729,0.985339,-9.62477,-3.4669,-139.061,0.0285218,0,1685629225,281907302
1,NDI-MF2 s/n:3BAA9000,16334,Port:10,0,Enabled,0.129335,0.0317542,-0.111163,0.984839,-10.1109,-3.18446,-139.284,0.0282236,0,1685629225,306954561
1,NDI-MF2 s/n:3BAA9000,16342,Port:10,0,Enabled,0.132469,0.0309079,-0.109313,0.984656,-10.6487,-3.40862,-139.105,0.0241135,0,1685629225,331941586
1,NDI-MF2 s/n:3BAA9000,16350,Port:10,0,Enabled,0.130175,0.0294141,-0.125818,0.983036,-9.43927,-3.39096,-140.402,0.0834517,0,1685629225,356893641
1,NDI-MF2 s/n:3BAA9000,16358,Port:10,0,Enabled,0.130496,0.027897,-0.110335,0.984896,-9.56658,-4.12717,-139.377,0.0431671,0,1685629225,381895495
1,NDI-MF2 s/n:3BAA9000,16366,Port:10,0,Enabled,0.132447,0.0272517,-0.113167,0.984331,-9.89353,-5.06473,-140.109,0.0340644,0,1685629225,406882057
1,NDI-MF2 s/n:3BAA9000,16374,Port:10,0,Enabled,0.135489,0.0264807,-0.110367,0.984257,-10.4347,-4.72334,-140.129,0.0200828,0,1685629225,431898805
1,NDI-MF2 s/n:3BAA9000,16382,Port:10,0,Enabled,0.136584,0.0246248,-0.111542,0.984021,-10.5981,-4.44114,-140.198,0.0191732,0,1685629225,456876146
1,NDI-MF2 s/n:3BAA9000,16390,Port:10,0,Enabled,0.137123,0.0231667,-0.11198,0.983931,-10.9132,-4.63069,-140.384,0.0226384,0,1685629225,481845677
1,NDI-MF2 s/n:3BAA9000,16398,Port:10,0,Enabled,0.137805,0.0234194,-0.109396,0.984121,-10.9742,-4.81169,-140.742,0.0332931,0,1685629225,506859205
1,NDI-MF2 s/n:3BAA9000,16406,Port:10,0,Enabled,0.141821,0.0226418,-0.111242,0.983361,-11.6158,-4.80175,-141.007,0.0212028,0,1685629225,531860419
1,NDI-MF2 s/n:3BAA9000,16414,Port:10,0,Enabled,0.143944,0.0208614,-0.112062,0.982999,-11.9061,-4.89963,-140.779,0.0153501,0,1685629225,556855596
1,NDI-MF2 s/n:3BAA9000,16422,Port:10,0,Enabled,0.144285,0.0196298,-0.110085,0.983198,-12.1448,-4.86968,-140.925,0.0101248,0,1685629225,581848238
1,NDI-MF2 s/n:3BAA9000,16430,Port:10,0,Enabled,0.145157,0.0187242,-0.11109,0.982974,-12.304,-4.77608,-141.199,0.0169872,0,1685629225,606865235
1,NDI-MF2 s/n:3BAA9000,16438,Port:10,0,Enabled,0.148209,0.0178362,-0.109262,0.98274,-12.6533,-4.98392,-141.069,0.0137709,0,1685629225,631861433
1,NDI-MF2 s/n:3BAA9000,16446,Port:10,0,Enabled,0.150016,0.0167788,-0.109288,0.982481,-12.9439,-4.669,-141.315,0.00688006,0,1685629225,656847680
1,NDI-MF2 s/n:3BAA9000,16454,Port:10,0,Enabled,0.148919,0.0160517,-0.111142,0.982453,-13.0187,-4.24693,-141.87,0.0142495,0,1685629225,681855363
1,NDI-MF2 s/n:3BAA9000,16462,Port:10,0,Enabled,0.149693,0.0154011,-0.110651,0.982401,-13.2798,-4.26792,-142.091,0.0247506,0,1685629225,706849185
1,NDI-MF2 s/n:3BAA9000,16470,Port:10,0,Enabled,0.153294,0.0147902,-0.111347,0.981776,-13.6946,-4.03972,-142.198,0.0225069,0,1685629225,731817880
1,NDI-MF2 s/n:3BAA9000,16478,Port:10,0,Enabled,0.155409,0.0129043,-0.112702,0.981315,-13.9555,-3.91628,-142.125,0.0158216,0,1685629225,756820836
1,NDI-MF2 s/n:3BAA9000,16486,Port:10,0,Enabled,0.154237,0.0111175,-0.111252,0.981688,-14.1035,-3.94285,-142.18,0.0102786,0,1685629225,781817004
1,NDI-MF2 s/n:3BAA9000,16494,Port:10,0,Enabled,0.154217,0.0104597,-0.112646,0.981539,-14.333,-3.76447,-142.685,0.0152351,0,1685629225,806815140
1,NDI-MF2 s/n:3BAA9000,16502,Port:10,0,Enabled,0.155946,0.0101487,-0.113785,0.981138,-14.6447,-3.50414,-142.898,0.0221229,0,1685629225,831816906
1,NDI-MF2 s/n:3BAA9000,16510,Port:10,0,Enabled,0.157499,0.00853191,-0.114742,0.980794,-14.9591,-3.36071,-142.802,0.00941054,0,1685629225,856817674
1,NDI-MF2 s/n:3BAA9000,16518,Port:10,0,Enabled,0.157543,0.0071354,-0.114802,0.980791,-15.121,-3.33939,-142.815,0.0109982,0,1685629225,881800047
1,NDI-MF2 s/n:3BAA9000,16526,Port:10,0,Enabled,0.157762,0.00708893,-0.11384,0.980868,-15.2764,-3.37538,-143.106,0.0220289,0,1685629225,906793242
1,NDI-MF2 s/n:3BAA9000,16534,Port:10,0,Enabled,0.160603,0.00663232,-0.114674,0.980313,-15.7201,-3.20578,-143.228,0.0177737,0,1685629225,931784540
1,NDI-MF2 s/n:3BAA9000,16542,Port:10,0,Enabled,0.162574,0.00516477,-0.116061,0.979833,-15.9555,-3.14362,-143.252,0.0170322,0,1685629225,956789868
1,NDI-MF2 s/n:3BAA9000,16550,Port:10,0,Enabled,0.162131,0.00378725,-0.11474,0.980068,-16.0316,-3.24929,-143.403,0.0094135,0,1685629225,981795201
1,NDI-MF2 s/n:3BAA9000,16558,Port:10,0,Enabled,0.163045,0.00326166,-0.115154,0.97987,-16.1626,-3.29309,-143.757,0.0152132,0,1685629226,6754719
1,NDI-MF2 s/n:3BAA9000,16566,Port:10,0,Enabled,0.165648,0.00274765,-0.115761,0.979363,-16.4887,-3.2727,-143.883,0.01631,0,1685629226,31805804
1,NDI-MF2 s/n:3BAA9000,16574,Port:10,0,Enabled,0.167027,0.00107184,-0.115334,0.979183,-16.7464,-3.18861,-143.916,0.00583482,0,1685629226,56786981
1,NDI-MF2 s/n:3BAA9000,16582,Port:10,0,Enabled,0.166877,-0.00040003,-0.115938,0.979138,-16.8711,-3.07918,-144.144,0.00825464,0,1685629226,81758521
1,NDI-MF2 s/n:3BAA9000,16590,Port:10,0,Enabled,0.167084,-0.000842998,-0.117228,0.978949,-16.9337,-2.64206,-144.551,0.01874,0,1685629226,105785478
1,NDI-MF2 s/n:3BAA9000,16598,Port:10,0,Enabled,0.169602,-0.00253414,-0.118354,0.978377,-16.8825,-2.99237,-144.166,0.0233186,0,1685629226,130826076
1,NDI-MF2 s/n:3BAA9000,16606,Port:10,0,Enabled,0.172179,-0.00352734,-0.114152,0.978423,-17.5952,-3.09649,-143.953,0.0230521,0,1685629226,155786933
1,NDI-MF2 s/n:3BAA9000,16614,Port:10,0,Enabled,0.171863,-0.00450025,-0.114227,0.978466,-17.8822,-2.68118,-144.352,0.0193215,0,1685629226,180815486
1,NDI-MF2 s/n:3BAA9000,16622,Port:10,0,Enabled,0.173238,-0.00498589,-0.116084,0.978002,-18.1242,-2.37296,-144.777,0.011671,0,1685629226,205798580
1,NDI-MF2 s/n:3BAA9000,16630,Port:10,0,Enabled,0.175909,-0.00583611,-0.117007,0.977411,-18.404,-2.36007,-144.827,0.0110528,0,1685629226,230830542
1,NDI-MF2 s/n:3BAA9000,16638,Port:10,0,Enabled,0.177112,-0.00756703,-0.116365,0.977258,-18.6523,-2.47393,-144.773,0.0110727,0,1685629226,255783826
1,NDI-MF2 s/n:3BAA9000,16646,Port:10,0,Enabled,0.176732,-0.00875289,-0.116523,0.977298,-18.8253,-2.39318,-145.03,0.0151465,0,1685629226,280771261
1,NDI-MF2 s/n:3BAA9000,16654,Port:10,0,Enabled,0.177233,-0.00872964,-0.117002,0.97715,-19.0315,-2.11702,-145.434,0.0170744,0,1685629226,305772115
1,NDI-MF2 s/n:3BAA9000,16662,Port:10,0,Enabled,0.180009,-0.00946152,-0.117919,0.976526,-19.4144,-1.9211,-145.41,0.0136289,0,1685629226,330826464
1,NDI-MF2 s/n:3BAA9000,16670,Port:10,0,Enabled,0.181941,-0.0109192,-0.118284,0.976108,-19.6362,-1.86457,-145.394,0.0145107,0,1685629226,355736985
1,NDI-MF2 s/n:3BAA9000,16678,Port:10,0,Enabled,0.18193,-0.0122051,-0.117628,0.976174,-19.784,-1.87039,-145.577,0.0111287,0,1685629226,380737525
1,NDI-MF2 s/n:3BAA9000,16686,Port:10,0,Enabled,0.18328,-0.0127213,-0.11842,0.97582,-20.0621,-1.65069,-145.818,0.0113692,0,1685629226,405887236
1,NDI-MF2 s/n:3BAA9000,16694,Port:10,0,Enabled,0.185506,-0.0134216,-0.118893,0.975332,-20.4036,-1.50347,-145.867,0.0152723,0,1685629226,430775956
1,NDI-MF2 s/n:3BAA9000,16702,Port:10,0,Enabled,0.18631,-0.0151435,-0.118607,0.975188,-20.5245,-1.50366,-145.962,0.00787447,0,1685629226,455713359
1,NDI-MF2 s/n:3BAA9000,16710,Port:10,0,Enabled,0.186391,-0.015822,-0.118235,0.975207,-20.6538,-1.44312,-146.327,0.0110846,0,1685629226,480734666
1,NDI-MF2 s/n:3BAA9000,16718,Port:10,0,Enabled,0.187693,-0.015916,-0.118846,0.974881,-20.9262,-1.30214,-146.627,0.0188709,0,1685629226,505754832
1,NDI-MF2 s/n:3BAA9000,16726,Port:10,0,Enabled,0.190311,-0.0169388,-0.119629,0.974261,-21.234,-1.12393,-146.569,0.0231845,0,1685629226,530855286
1,NDI-MF2 s/n:3BAA9000,16734,Port:10,0,Enabled,0.191497,-0.0185848,-0.119299,0.974039,-21.4751,-1.04221,-146.535,0.0193254,0,1685629226,555758822
1,NDI-MF2 s/n:3BAA9000,16742,Port:10,0,Enabled,0.191053,-0.0200406,-0.119117,0.974119,-21.5771,-0.945945,-146.899,0.0114246,0,1685629226,580783722
1,NDI-MF2 s/n:3BAA9000,16750,Port:10,0,Enabled,0.192459,-0.0205119,-0.119948,0.973731,-21.7304,-0.678445,-147.196,0.0172285,0,1685629226,605766540
1,NDI-MF2 s/n:3BAA9000,16758,Port:10,0,Enabled,0.195317,-0.0212635,-0.121084,0.973005,-22.0631,-0.499491,-147.167,0.0222752,0,1685629226,630740602
1,NDI-MF2 s/n:3BAA9000,16766,Port:10,0,Enabled,0.19671,-0.0234321,-0.120024,0.972806,-22.3512,-0.543786,-147.03,0.0121337,0,1685629226,655747672
1,NDI-MF2 s/n:3BAA9000,16774,Port:10,0,Enabled,0.196693,-0.0247849,-0.119525,0.972837,-22.5115,-0.444497,-147.3,0.010554,0,1685629226,680742742
1,NDI-MF2 s/n:3BAA9000,16782,Port:10,0,Enabled,0.197477,-0.0249523,-0.119567,0.972669,-22.6481,-0.283628,-147.669,0.0172835,0,1685629226,705712564
1,NDI-MF2 s/n:3BAA9000,16790,Port:10,0,Enabled,0.200014,-0.0257683,-0.120049,0.972069,-22.9282,-0.207181,-147.615,0.0178698,0,1685629226,730774764
1,NDI-MF2 s/n:3BAA9000,16798,Port:10,0,Enabled,0.201806,-0.0273882,-0.120164,0.97164,-23.1185,-0.197597,-147.557,0.0188043,0,1685629226,755704493
1,NDI-MF2 s/n:3BAA9000,16806,Port:10,0,Enabled,0.201911,-0.0287302,-0.1192,0.971699,-23.2594,-0.124748,-147.767,0.0136833,0,1685629226,780780384
1,NDI-MF2 s/n:3BAA9000,16814,Port:10,0,Enabled,0.203441,-0.0294023,-0.119561,0.971315,-23.5067,0.0791707,-147.961,0.0125424,0,1685629226,805760784
1,NDI-MF2 s/n:3BAA9000,16822,Port:10,0,Enabled,0.205878,-0.0302476,-0.119697,0.970758,-23.7902,0.227081,-147.98,0.0158845,0,1685629226,830728946
1,NDI-MF2 s/n:3BAA9000,16830,Port:10,0,Enabled,0.20682,-0.0321372,-0.118844,0.970602,-23.8933,0.221981,-148.066,0.0123046,0,1685629226,855693417
1,NDI-MF2 s/n:3BAA9000,16838,Port:10,0,Enabled,0.207072,-0.0332459,-0.118416,0.970564,-24.0724,0.28906,-148.357,0.0157624,0,1685629226,880763065
1,NDI-MF2 s/n:3BAA9000,16846,Port:10,0,Enabled,0.208229,-0.0333108,-0.119014,0.970241,-24.2993,0.552788,-148.675,0.0170733,0,1685629226,905693859
1,NDI-MF2 s/n:3BAA9000,16854,Port:10,0,Enabled,0.210895,-0.0340123,-0.119601,0.969568,-24.5934,0.778941,-148.621,0.0225033,0,1685629226,930640922
1,NDI-MF2 s/n:3BAA9000,16862,Port:10,0,Enabled,0.2127,-0.0359168,-0.119291,0.969143,-24.8096,0.749663,-148.533,0.0215327,0,1685629226,955606842
1,NDI-MF2 s/n:3BAA9000,16870,Port:10,0,Enabled,0.212688,-0.0374423,-0.118308,0.969209,-24.8826,0.725733,-148.844,0.0157996,0,1685629226,980614134
1,NDI-MF2 s/n:3BAA9000,16878,Port:10,0,Enabled,0.21391,-0.0380462,-0.118809,0.968855,-25.0782,0.979413,-149.147,0.0145422,0,1685629227,5639735
1,NDI-MF2 s/n:3BAA9000,16886,Port:10,0,Enabled,0.216194,-0.0386353,-0.119934,0.968186,-25.3225,1.27391,-149.163,0.0204417,0,1685629227,30634507
1,NDI-MF2 s/n:3BAA9000,16894,Port:10,0,Enabled,0.217518,-0.0405677,-0.118817,0.967948,-25.5415,1.27637,-149.103,0.0149497,0,1685629227,55718109
1,NDI-MF2 s/n:3BAA9000,16902,Port:10,0,Enabled,0.218114,-0.0418885,-0.118198,0.967833,-25.7149,1.41006,-149.327,0.0142324,0,1685629227,80586420
1,NDI-MF2 s/n:3BAA9000,16910,Port:10,0,Enabled,0.219297,-0.0420274,-0.118585,0.967513,-25.8758,1.67741,-149.598,0.0182927,0,1685629227,105559097
1,NDI-MF2 s/n:3BAA9000,16918,Port:10,0,Enabled,0.221622,-0.0430268,-0.118689,0.966926,-26.165,1.84127,-149.498,0.0213869,0,1685629227,130617330
1,NDI-MF2 s/n:3BAA9000,16926,Port:10,0,Enabled,0.223123,-0.0448059,-0.118368,0.966539,-26.4081,1.90477,-149.447,0.02141,0,1685629227,155594364
1,NDI-MF2 s/n:3BAA9000,16934,Port:10,0,Enabled,0.223284,-0.0462264,-0.117453,0.966547,-26.5104,1.92204,-149.749,0.0155461,0,1685629227,180558037
1,NDI-MF2 s/n:3BAA9000,16942,Port:10,0,Enabled,0.224811,-0.0468384,-0.118264,0.966064,-26.6398,2.04768,-149.986,0.017067,0,1685629227,205572321
1,NDI-MF2 s/n:3BAA9000,16950,Port:10,0,Enabled,0.227242,-0.0474592,-0.118746,0.965406,-26.8339,2.24179,-149.951,0.0211676,0,1685629227,230568069
1,NDI-MF2 s/n:3BAA9000,16958,Port:10,0,Enabled,0.228413,-0.0493283,-0.117537,0.965184,-27.0187,2.28825,-149.977,0.016147,0,1685629227,255546539
1,NDI-MF2 s/n:3BAA9000,16966,Port:10,0,Enabled,0.228947,-0.0504369,-0.116889,0.965079,-27.2674,2.45317,-150.208,0.0161409,0,1685629227,280570651
1,NDI-MF2 s/n:3BAA9000,16974,Port:10,0,Enabled,0.2303,-0.0506322,-0.116807,0.964756,-27.5173,2.76394,-150.365,0.0188647,0,1685629227,305516765
1,NDI-MF2 s/n:3BAA9000,16982,Port:10,0,Enabled,0.232618,-0.0516341,-0.116813,0.964146,-27.7242,2.96074,-150.284,0.0255911,0,1685629227,330554895
1,NDI-MF2 s/n:3BAA9000,16990,Port:10,0,Enabled,0.234025,-0.053603,-0.11658,0.963726,-27.8526,2.98322,-150.299,0.023005,0,1685629227,355546134
1,NDI-MF2 s/n:3BAA9000,16998,Port:10,0,Enabled,0.234024,-0.0551673,-0.11542,0.963778,-27.8853,3.03191,-150.642,0.0198179,0,1685629227,380550058
1,NDI-MF2 s/n:3BAA9000,17006,Port:10,0,Enabled,0.235403,-0.0553236,-0.11564,0.963407,-28.1065,3.33197,-150.904,0.018066,0,1685629227,405597582
1,NDI-MF2 s/n:3BAA9000,17014,Port:10,0,Enabled,0.237878,-0.0556854,-0.116823,0.962635,-28.3813,3.61166,-150.86,0.0248783,0,1685629227,430480911
1,NDI-MF2 s/n:3BAA9000,17022,Port:10,0,Enabled,0.239055,-0.0577094,-0.115586,0.962373,-28.4906,3.55816,-150.881,0.0209459,0,1685629227,455481320
1,NDI-MF2 s/n:3BAA9000,17030,Port:10,0,Enabled,0.239811,-0.0588755,-0.114798,0.962209,-28.6203,3.5977,-151.15,0.0197059,0,1685629227,480590664
1,NDI-MF2 s/n:3BAA9000,17038,Port:10,0,Enabled,0.241261,-0.0595574,-0.114936,0.961788,-28.7732,3.72964,-151.272,0.0201878,0,1685629227,505507197
1,NDI-MF2 s/n:3BAA9000,17046,Port:10,0,Enabled,0.24311,-0.0608121,-0.114521,0.961293,-29.0129,3.91342,-151.195,0.0245324,0,1685629227,530614607
1,NDI-MF2 s/n:3BAA9000,17054,Port:10,0,Enabled,0.244139,-0.0626307,-0.113654,0.961019,-29.1911,4.05033,-151.306,0.0217013,0,1685629227,555460618
1,NDI-MF2 s/n:3BAA9000,17062,Port:10,0,Enabled,0.244718,-0.0635389,-0.112594,0.960936,-29.231,4.17905,-151.695,0.0228322,0,1685629227,580446498
1,NDI-MF2 s/n:3BAA9000,17070,Port:10,0,Enabled,0.246814,-0.0632951,-0.113937,0.960258,-29.4087,4.45674,-151.88,0.0212322,0,1685629227,605495347
1,NDI-MF2 s/n:3BAA9000,17078,Port:10,0,Enabled,0.249397,-0.0641465,-0.115456,0.959353,-29.5669,4.6225,-151.746,0.031629,0,1685629227,630438276
1,NDI-MF2 s/n:3BAA9000,17086,Port:10,0,Enabled,0.250381,-0.066841,-0.113102,0.959192,-29.7099,4.54519,-151.771,0.023043,0,1685629227,655450777
1,NDI-MF2 s/n:3BAA9000,17094,Port:10,0,Enabled,0.25081,-0.0687614,-0.111642,0.959116,-29.8803,4.6794,-152.061,0.0207459,0,1685629227,679529886
1,NDI-MF2 s/n:3BAA9000,17102,Port:10,0,Enabled,0.252143,-0.0689955,-0.111215,0.958798,-29.9461,4.9615,-152.33,0.0217057,0,1685629227,704520963
1,NDI-MF2 s/n:3BAA9000,17110,Port:10,0,Enabled,0.254721,-0.0692894,-0.111246,0.958092,-30.2313,5.1427,-152.184,0.0278963,0,1685629227,729531709
1,NDI-MF2 s/n:3BAA9000,17118,Port:10,0,Enabled,0.256424,-0.0707252,-0.111312,0.957525,-30.4431,5.24101,-152.128,0.0318817,0,1685629227,754484219
1,NDI-MF2 s/n:3BAA9000,17126,Port:10,0,Enabled,0.256765,-0.0724314,-0.11029,0.957424,-30.6183,5.40557,-152.421,0.0249275,0,1685629227,779525196
1,NDI-MF2 s/n:3BAA9000,17134,Port:10,0,Enabled,0.258297,-0.0731392,-0.110804,0.9569,-30.8236,5.77419,-152.497,0.0214638,0,1685629227,804494902
1,NDI-MF2 s/n:3BAA9000,17142,Port:10,0,Enabled,0.260066,-0.0740233,-0.110328,0.956407,-30.9774,5.95369,-152.462,0.0262203,0,1685629227,829498658
1,NDI-MF2 s/n:3BAA9000,17150,Port:10,0,Enabled,0.261089,-0.0758407,-0.10881,0.95616,-31.1816,5.97553,-152.526,0.0247308,0,1685629227,854552181
1,NDI-MF2 s/n:3BAA9000,17158,Port:10,0,Enabled,0.261952,-0.076774,-0.10853,0.955881,-31.4114,6.19943,-152.664,0.0242655,0,1685629227,879459097
1,NDI-MF2 s/n:3BAA9000,17166,Port:10,0,Enabled,0.263502,-0.0769238,-0.109119,0.955376,-31.6206,6.53598,-152.711,0.0244834,0,1685629227,904504972
1,NDI-MF2 s/n:3BAA9000,17174,Port:10,0,Enabled,0.265434,-0.0776811,-0.108737,0.954823,-31.7911,6.71059,-152.606,0.03393,0,1685629227,929484946
1,NDI-MF2 s/n:3BAA9000,17182,Port:10,0,Enabled,0.266688,-0.0795962,-0.107936,0.954407,-31.9148,6.70781,-152.661,0.0312795,0,1685629227,954504222
1,NDI-MF2 s/n:3BAA9000,17190,Port:10,0,Enabled,0.267065,-0.0815751,-0.106496,0.954296,-31.9921,6.72436,-152.995,0.0259225,0,1685629227,979575604
1,NDI-MF2 s/n:3BAA9000,17198,Port:10,0,Enabled,0.268695,-0.0817821,-0.106334,0.953839,-32.1591,7.06179,-153.021,0.0254627,0,1685629228,4451565
1,NDI-MF2 s/n:3BAA9000,17206,Port:10,0,Enabled,0.27064,-0.0820986,-0.106426,0.953251,-32.3081,7.35322,-152.959,0.0303849,0,1685629228,29439035
1,NDI-MF2 s/n:3BAA9000,17214,Port:10,0,Enabled,0.27161,-0.0836993,-0.1056,0.952928,-32.4392,7.42736,-153.137,0.030702,0,1685629228,54494187
1,NDI-MF2 s/n:3BAA9000,17222,Port:10,0,Enabled,0.272434,-0.0845483,-0.105578,0.95262,-32.6594,7.6554,-153.357,0.0302382,0,1685629228,79422295
1,NDI-MF2 s/n:3BAA9000,17230,Port:10,0,Enabled,0.273722,-0.0847663,-0.106404,0.952139,-32.8349,8.03432,-153.445,0.0309996,0,1685629228,104407113
1,NDI-MF2 s/n:3BAA9000,17238,Port:10,0,Enabled,0.275609,-0.0857769,-0.106131,0.951535,-32.8808,8.26259,-153.33,0.0345143,0,1685629228,129459426
1,NDI-MF2 s/n:3BAA9000,17246,Port:10,0,Enabled,0.276933,-0.0873518,-0.104918,0.951141,-32.9816,8.3182,-153.375,0.0354045,0,1685629228,154410024
1,NDI-MF2 s/n:3BAA9000,17254,Port:10,0,Enabled,0.277554,-0.088897,-0.103132,0.951013,-33.0894,8.38818,-153.685,0.0302447,0,1685629228,179439706
1,NDI-MF2 s/n:3BAA9000,17262,Port:10,0,Enabled,0.278933,-0.0893417,-0.103887,0.950485,-33.2874,8.6693,-153.778,0.0317538,0,1685629228,204413983
1,NDI-MF2 s/n:3BAA9000,17270,Port:10,0,Enabled,0.280674,-0.0902461,-0.104004,0.949874,-33.4528,8.8764,-153.657,0.0335947,0,1685629228,229432413
1,NDI-MF2 s/n:3BAA9000,17278,Port:10,0,Enabled,0.281673,-0.0924892,-0.10141,0.949643,-33.5954,8.82568,-153.711,0.0310491,0,1685629228,254420827
1,NDI-MF2 s/n:3BAA9000,17286,Port:10,0,Enabled,0.282449,-0.094458,-0.0996976,0.949401,-33.6855,8.83359,-153.993,0.0296402,0,1685629228,279410400
1,NDI-MF2 s/n:3BAA9000,17294,Port:10,0,Enabled,0.28386,-0.0943949,-0.0994993,0.949006,-33.804,9.15822,-154.121,0.0309864,0,1685629228,304434459
1,NDI-MF2 s/n:3BAA9000,17302,Port:10,0,Enabled,0.285755,-0.0945805,-0.0994132,0.948428,-34.0582,9.46736,-153.869,0.0373773,0,1685629228,329399400
1,NDI-MF2 s/n:3BAA9000,17310,Port:10,0,Enabled,0.286974,-0.0958647,-0.0995483,0.947917,-34.136,9.66468,-153.901,0.0358871,0,1685629228,354376705
1,NDI-MF2 s/n:3BAA9000,17318,Port:10,0,Enabled,0.287496,-0.0976682,-0.0983635,0.947698,-34.2719,9.84862,-154.173,0.0320098,0,1685629228,379385301
1,NDI-MF2 s/n:3BAA9000,17326,Port:10,0,Enabled,0.288821,-0.0981328,-0.0986011,0.947222,-34.4162,10.2678,-154.249,0.0318534,0,1685629228,404373529
1,NDI-MF2 s/n:3BAA9000,17334,Port:10,0,Enabled,0.290595,-0.0984176,-0.0991057,0.946598,-34.4902,10.5205,-154.179,0.0365016,0,1685629228,429367714
1,NDI-MF2 s/n:3BAA9000,17342,Port:10,0,Enabled,0.291734,-0.100152,-0.0983261,0.946146,-34.5342,10.5088,-154.282,0.0342151,0,1685629228,454413545
1,NDI-MF2 s/n:3BAA9000,17350,Port:10,0,Enabled,0.292443,-0.101718,-0.0976573,0.94583,-34.6364,10.6055,-154.57,0.0269617,0,1685629228,479377366
1,NDI-MF2 s/n:3BAA9000,17358,Port:10,0,Enabled,0.293371,-0.102598,-0.0971985,0.945495,-34.7988,10.9548,-154.663,0.0270562,0,1685629228,504369274
1,NDI-MF2 s/n:3BAA9000,17366,Port:10,0,Enabled,0.294542,-0.103746,-0.0960399,0.945123,-34.8595,11.2757,-154.623,0.0289762,0,1685629228,529332571
1,NDI-MF2 s/n:3BAA9000,17374,Port:10,0,Enabled,0.295782,-0.105428,-0.0942106,0.944734,-35.0149,11.2897,-154.587,0.0306115,0,1685629228,554366947
1,NDI-MF2 s/n:3BAA9000,17382,Port:10,0,Enabled,0.296805,-0.106856,-0.0923376,0.944438,-35.1234,11.1835,-154.775,0.0329824,0,1685629228,579355627
1,NDI-MF2 s/n:3BAA9000,17390,Port:10,0,Enabled,0.298402,-0.106465,-0.0924708,0.943965,-35.3818,11.4797,-154.713,0.0346699,0,1685629228,604339067
1,NDI-MF2 s/n:3BAA9000,17398,Port:10,0,Enabled,0.299978,-0.106315,-0.0933434,0.943397,-35.5695,12.0284,-154.6,0.0389426,0,1685629228,629411618
1,NDI-MF2 s/n:3BAA9000,17406,Port:10,0,Enabled,0.30085,-0.107514,-0.0925284,0.943063,-35.7762,12.4367,-154.609,0.0397361,0,1685629228,654405708
1,NDI-MF2 s/n:3BAA9000,17414,Port:10,0,Enabled,0.301292,-0.109074,-0.0918664,0.942808,-35.8441,12.6765,-154.886,0.0360907,0,1685629228,679337871
1,NDI-MF2 s/n:3BAA9000,17422,Port:10,0,Enabled,0.30219,-0.109755,-0.0918731,0.942441,-35.8644,12.8664,-155.06,0.0326329,0,1685629228,704286746
1,NDI-MF2 s/n:3BAA9000,17430,Port:10,0,Enabled,0.303523,-0.110661,-0.0914281,0.94195,-35.9424,12.9162,-154.85,0.0345107,0,1685629228,729327907
1,NDI-MF2 s/n:3BAA9000,17438,Port:10,0,Enabled,0.304553,-0.111806,-0.0903696,0.941584,-35.9901,13.0303,-154.889,0.0351033,0,1685629228,754293227
1,NDI-MF2 s/n:3BAA9000,17446,Port:10,0,Enabled,0.305297,-0.113236,-0.0883627,0.941363,-36.1238,13.1863,-155.224,0.0356207,0,1685629228,779264642
1,NDI-MF2 s/n:3BAA9000,17454,Port:10,0,Enabled,0.306532,-0.113995,-0.0883515,0.940871,-36.1744,13.4501,-155.419,0.0334451,0,1685629228,804258352
1,NDI-MF2 s/n:3BAA9000,17462,Port:10,0,Enabled,0.308348,-0.114327,-0.0881228,0.940258,-36.2162,13.7134,-155.263,0.0353311,0,1685629228,829331727
1,NDI-MF2 s/n:3BAA9000,17470,Port:10,0,Enabled,0.309459,-0.115944,-0.0864264,0.939852,-36.3634,13.8306,-155.239,0.0369282,0,1685629228,854337512
1,NDI-MF2 s/n:3BAA9000,17478,Port:10,0,Enabled,0.310231,-0.117202,-0.0853438,0.939541,-36.5525,14.0371,-155.362,0.036223,0,1685629228,879306230
1,NDI-MF2 s/n:3BAA9000,17486,Port:10,0,Enabled,0.311118,-0.118165,-0.0854148,0.93912,-36.6388,14.185,-155.634,0.0337468,0,1685629228,904255466
1,NDI-MF2 s/n:3BAA9000,17494,Port:10,0,Enabled,0.312452,-0.118806,-0.0854108,0.938597,-36.6968,14.4131,-155.479,0.0338237,0,1685629228,929222871
1,NDI-MF2 s/n:3BAA9000,17502,Port:10,0,Enabled,0.313601,-0.120108,-0.0840192,0.938174,-36.7665,14.6337,-155.381,0.0349496,0,1685629228,954254617
1,NDI-MF2 s/n:3BAA9000,17510,Port:10,0,Enabled,0.314399,-0.121522,-0.0821064,0.937893,-36.8498,14.8917,-155.599,0.035249,0,1685629228,979228805
1,NDI-MF2 s/n:3BAA9000,17518,Port:10,0,Enabled,0.315605,-0.121807,-0.0817276,0.937485,-36.9264,15.2494,-155.685,0.0366751,0,1685629229,4213991
1,NDI-MF2 s/n:3BAA9000,17526,Port:10,0,Enabled,0.317035,-0.122178,-0.0824106,0.936894,-36.9385,15.4001,-155.619,0.0364546,0,1685629229,29275238
1,NDI-MF2 s/n:3BAA9000,17534,Port:10,0,Enabled,0.318141,-0.123899,-0.0807344,0.936439,-37.0107,15.3979,-155.682,0.0323936,0,1685629229,54240416
1,NDI-MF2 s/n:3BAA9000,17542,Port:10,0,Enabled,0.318866,-0.125489,-0.0790519,0.936124,-37.1179,15.6336,-155.89,0.0336949,0,1685629229,79310585
1,NDI-MF2 s/n:3BAA9000,17550,Port:10,0,Enabled,0.31975,-0.125845,-0.0786375,0.935809,-37.255,15.9751,-155.912,0.0336979,0,1685629229,104223314
1,NDI-MF2 s/n:3BAA9000,17558,Port:10,0,Enabled,0.320901,-0.126544,-0.0781912,0.935359,-37.4218,16.1504,-155.774,0.0362759,0,1685629229,129182898
1,NDI-MF2 s/n:3BAA9000,17566,Port:10,0,Enabled,0.321938,-0.127724,-0.0770421,0.934937,-37.515,16.3157,-155.685,0.0344172,0,1685629229,153291226
1,NDI-MF2 s/n:3BAA9000,17574,Port:10,0,Enabled,0.322602,-0.129199,-0.075205,0.934655,-37.5558,16.5436,-155.913,0.035309,0,1685629229,179210365
1,NDI-MF2 s/n:3BAA9000,17582,Port:10,0,Enabled,0.323431,-0.129388,-0.0750825,0.934352,-37.5712,16.9915,-156.102,0.0358858,0,1685629229,204148523
1,NDI-MF2 s/n:3BAA9000,17590,Port:10,0,Enabled,0.324621,-0.129934,-0.0750266,0.933868,-37.5496,17.1985,-156.078,0.0346729,0,1685629229,228216461
1,NDI-MF2 s/n:3BAA9000,17598,Port:10,0,Enabled,0.325734,-0.13135,-0.0736149,0.933395,-37.6037,17.2088,-156.095,0.0332006,0,1685629229,253227428
1,NDI-MF2 s/n:3BAA9000,17606,Port:10,0,Enabled,0.326681,-0.132994,-0.0718406,0.932969,-37.6153,17.331,-156.226,0.0344061,0,1685629229,278272335
1,NDI-MF2 s/n:3BAA9000,17614,Port:10,0,Enabled,0.327808,-0.133337,-0.0711968,0.932574,-37.6897,17.6492,-156.233,0.0351727,0,1685629229,303276502
1,NDI-MF2 s/n:3BAA9000,17622,Port:10,0,Enabled,0.329042,-0.133655,-0.0706192,0.932138,-37.7939,17.8843,-156.083,0.0347669,0,1685629229,328228290
1,NDI-MF2 s/n:3BAA9000,17630,Port:10,0,Enabled,0.330054,-0.134475,-0.0698995,0.931717,-37.8812,18.0743,-156.038,0.0346436,0,1685629229,353188857
1,NDI-MF2 s/n:3BAA9000,17638,Port:10,0,Enabled,0.330664,-0.136033,-0.0684391,0.931382,-37.9852,18.2697,-156.277,0.0339574,0,1685629229,378211794
1,NDI-MF2 s/n:3BAA9000,17646,Port:10,0,Enabled,0.331569,-0.136584,-0.0679844,0.931013,-38.0831,18.5887,-156.355,0.0345089,0,1685629229,403227345
1,NDI-MF2 s/n:3BAA9000,17654,Port:10,0,Enabled,0.332705,-0.136928,-0.0679778,0.930557,-38.1457,18.806,-156.222,0.0349205,0,1685629229,428195604
1,NDI-MF2 s/n:3BAA9000,17662,Port:10,0,Enabled,0.333787,-0.138108,-0.0662868,0.930117,-38.1527,18.9155,-156.212,0.0314924,0,1685629229,453198319
1,NDI-MF2 s/n:3BAA9000,17670,Port:10,0,Enabled,0.334385,-0.139205,-0.0649876,0.929831,-38.2507,19.2314,-156.292,0.0316802,0,1685629229,478257768
1,NDI-MF2 s/n:3BAA9000,17678,Port:10,0,Enabled,0.335043,-0.140299,-0.0642391,0.929481,-38.2926,19.5794,-156.46,0.0339838,0,1685629229,503305018
1,NDI-MF2 s/n:3BAA9000,17686,Port:10,0,Enabled,0.336068,-0.140476,-0.063679,0.929123,-38.343,19.8854,-156.262,0.0329164,0,1685629229,528196224
1,NDI-MF2 s/n:3BAA9000,17694,Port:10,0,Enabled,0.337005,-0.141103,-0.0630819,0.92873,-38.4006,20.134,-156.167,0.0312573,0,1685629229,553175271
1,NDI-MF2 s/n:3BAA9000,17702,Port:10,0,Enabled,0.337715,-0.142635,-0.0615922,0.928338,-38.4429,20.3053,-156.309,0.0321817,0,1685629229,578215365
1,NDI-MF2 s/n:3BAA9000,17710,Port:10,0,Enabled,0.338513,-0.143253,-0.0604401,0.928027,-38.5244,20.5928,-156.383,0.0329529,0,1685629229,603237469
1,NDI-MF2 s/n:3BAA9000,17718,Port:10,0,Enabled,0.339265,-0.1434,-0.0604229,0.927731,-38.5767,20.8634,-156.375,0.0313569,0,1685629229,628167312
1,NDI-MF2 s/n:3BAA9000,17726,Port:10,0,Enabled,0.340067,-0.144089,-0.0592093,0.927409,-38.6342,21.0207,-156.341,0.029291,0,1685629229,653177121
1,NDI-MF2 s/n:3BAA9000,17734,Port:10,0,Enabled,0.340818,-0.144906,-0.0581891,0.92707,-38.6712,21.227,-156.431,0.0320074,0,1685629229,678121290
1,NDI-MF2 s/n:3BAA9000,17742,Port:10,0,Enabled,0.34157,-0.145602,-0.0577398,0.926713,-38.6936,21.4752,-156.467,0.0322616,0,1685629229,703159508
1,NDI-MF2 s/n:3BAA9000,17750,Port:10,0,Enabled,0.342292,-0.146187,-0.0573469,0.926378,-38.8041,21.7524,-156.212,0.0287758,0,1685629229,728127793
1,NDI-MF2 s/n:3BAA9000,17758,Port:10,0,Enabled,0.343069,-0.147215,-0.056214,0.925998,-38.8483,22.0078,-156.198,0.0286559,0,1685629229,753175930
1,NDI-MF2 s/n:3BAA9000,17766,Port:10,0,Enabled,0.343804,-0.148369,-0.0542975,0.925656,-38.8357,22.1337,-156.405,0.0306423,0,1685629229,778184369
1,NDI-MF2 s/n:3BAA9000,17774,Port:10,0,Enabled,0.344415,-0.148896,-0.0535127,0.925389,-38.8317,22.3521,-156.582,0.0329163,0,1685629229,803098206
1,NDI-MF2 s/n:3BAA9000,17782,Port:10,0,Enabled,0.345058,-0.14916,-0.0531091,0.92513,-38.8998,22.6338,-156.546,0.0320485,0,1685629229,828113977
1,NDI-MF2 s/n:3BAA9000,17790,Port:10,0,Enabled,0.345837,-0.150112,-0.0513109,0.924787,-38.9219,22.777,-156.557,0.0302277,0,1685629229,853161194
1,NDI-MF2 s/n:3BAA9000,17798,Port:10,0,Enabled,0.346545,-0.151156,-0.0495121,0.92445,-38.9062,22.9329,-156.619,0.0280359,0,1685629229,878183530
1,NDI-MF2 s/n:3BAA9000,17806,Port:10,0,Enabled,0.347283,-0.151959,-0.0489583,0.924071,-38.8616,23.1459,-156.774,0.0295071,0,1685629229,903095938
1,NDI-MF2 s/n:3BAA9000,17814,Port:10,0,Enabled,0.347923,-0.152114,-0.0483015,0.923839,-39.008,23.5244,-156.568,0.0275192,0,1685629229,928092126
1,NDI-MF2 s/n:3BAA9000,17822,Port:10,0,Enabled,0.348399,-0.152402,-0.0478276,0.923636,-39.0847,23.9074,-156.419,0.0274302,0,1685629229,953040591
1,NDI-MF2 s/n:3BAA9000,17830,Port:10,0,Enabled,0.349256,-0.153819,-0.0463015,0.923155,-38.9767,23.9935,-156.582,0.0290769,0,1685629229,978051876
1,NDI-MF2 s/n:3BAA9000,17838,Port:10,0,Enabled,0.350036,-0.154459,-0.0450764,0.922814,-38.9907,24.1879,-156.668,0.0321613,0,1685629230,3047518
1,NDI-MF2 s/n:3BAA9000,17846,Port:10,0,Enabled,0.350512,-0.155025,-0.0447689,0.922554,-39.0641,24.4565,-156.606,0.0320952,0,1685629230,28051770
1,NDI-MF2 s/n:3BAA9000,17854,Port:10,0,Enabled,0.35099,-0.155489,-0.0431493,0.922371,-39.2267,24.8045,-156.429,0.0262195,0,1685629230,53063372
1,NDI-MF2 s/n:3BAA9000,17862,Port:10,0,Enabled,0.351316,-0.156173,-0.0419247,0.922187,-39.3374,25.066,-156.451,0.0248237,0,1685629230,78041144
1,NDI-MF2 s/n:3BAA9000,17870,Port:10,0,Enabled,0.351659,-0.156984,-0.0412359,0.92195,-39.3031,25.1961,-156.665,0.0273704,0,1685629230,103046533
1,NDI-MF2 s/n:3BAA9000,17878,Port:10,0,Enabled,0.352155,-0.157011,-0.039991,0.921811,-39.2868,25.3727,-156.636,0.0300082,0,1685629230,128031970
1,NDI-MF2 s/n:3BAA9000,17886,Port:10,0,Enabled,0.352531,-0.157051,-0.0396299,0.921676,-39.2978,25.6926,-156.546,0.0270372,0,1685629230,153067437
1,NDI-MF2 s/n:3BAA9000,17894,Port:10,0,Enabled,0.353043,-0.157949,-0.0379789,0.921396,-39.2178,25.962,-156.565,0.0281086,0,1685629230,178032923
1,NDI-MF2 s/n:3BAA9000,17902,Port:10,0,Enabled,0.353558,-0.158585,-0.0370702,0.921126,-39.1545,26.1794,-156.697,0.0294744,0,1685629230,203026567
1,NDI-MF2 s/n:3BAA9000,17910,Port:10,0,Enabled,0.354109,-0.159217,-0.0362229,0.92084,-39.1279,26.3063,-156.719,0.0297635,0,1685629230,228040129
1,NDI-MF2 s/n:3BAA9000,17918,Port:10,0,Enabled,0.354806,-0.159869,-0.0338807,0.920547,-39.1953,26.4943,-156.591,0.0273162,0,1685629230,253015597
1,NDI-MF2 s/n:3BAA9000,17926,Port:10,0,Enabled,0.355222,-0.160625,-0.0325745,0.920302,-39.2384,26.8304,-156.502,0.0259486,0,1685629230,277995946
1,NDI-MF2 s/n:3BAA9000,17934,Port:10,0,Enabled,0.355452,-0.161383,-0.0319241,0.920104,-39.3035,27.1561,-156.612,0.0257034,0,1685629230,303028859
1,NDI-MF2 s/n:3BAA9000,17942,Port:10,0,Enabled,0.35561,-0.161564,-0.0313476,0.920031,-39.4315,27.4736,-156.582,0.0273572,0,1685629230,327976633
1,NDI-MF2 s/n:3BAA9000,17950,Port:10,0,Enabled,0.355801,-0.161646,-0.0308107,0.91996,-39.4561,27.7905,-156.523,0.0254372,0,1685629230,352967659
1,NDI-MF2 s/n:3BAA9000,17958,Port:10,0,Enabled,0.356346,-0.162378,-0.0289285,0.919681,-39.3649,27.9546,-156.513,0.0280357,0,1685629230,377965426
1,NDI-MF2 s/n:3BAA9000,17966,Port:10,0,Enabled,0.356486,-0.162718,-0.0281231,0.919592,-39.402,28.2405,-156.427,0.0277485,0,1685629230,402940828
1,NDI-MF2 s/n:3BAA9000,17974,Port:10,0,Enabled,0.356698,-0.163077,-0.0274959,0.919465,-39.4222,28.5895,-156.55,0.0263579,0,1685629230,427968826
1,NDI-MF2 s/n:3BAA9000,17982,Port:10,0,Enabled,0.357106,-0.16338,-0.025683,0.919306,-39.405,28.8163,-156.552,0.0227093,0,1685629230,452963549
1,NDI-MF2 s/n:3BAA9000,17990,Port:10,0,Enabled,0.357501,-0.163795,-0.0244636,0.919112,-39.3547,28.9942,-156.51,0.0265556,0,1685629230,477989210
1,NDI-MF2 s/n:3BAA9000,17998,Port:10,0,Enabled,0.357824,-0.164626,-0.0229976,0.918876,-39.3497,29.1082,-156.585,0.0256752,0,1685629230,502944361
1,NDI-MF2 s/n:3BAA9000,18006,Port:10,0,Enabled,0.357957,-0.164613,-0.0221836,0.918846,-39.441,29.3355,-156.519,0.0223783,0,1685629230,527949599
1,NDI-MF2 s/n:3BAA9000,18014,Port:10,0,Enabled,0.35832,-0.164705,-0.0211832,0.918712,-39.4005,29.5234,-156.519,0.022468,0,1685629230,552955835
1,NDI-MF2 s/n:3BAA9000,18022,Port:10,0,Enabled,0.358812,-0.165407,-0.0197062,0.918426,-39.2819,29.7387,-156.454,0.0247488,0,1685629230,577905710
1,NDI-MF2 s/n:3BAA9000,18030,Port:10,0,Enabled,0.359112,-0.165869,-0.0184385,0.918252,-39.2458,30.0484,-156.462,0.0234758,0,1685629230,602996370
1,NDI-MF2 s/n:3BAA9000,18038,Port:10,0,Enabled,0.359348,-0.166304,-0.0175452,0.918098,-39.2519,30.286,-156.557,0.0232175,0,1685629230,627938034
1,NDI-MF2 s/n:3BAA9000,18046,Port:10,0,Enabled,0.359829,-0.166258,-0.0158678,0.917949,-39.3002,30.4717,-156.422,0.0178292,0,1685629230,652913000
1,NDI-MF2 s/n:3BAA9000,18054,Port:10,0,Enabled,0.360031,-0.166629,-0.0155588,0.917808,-39.2373,30.7306,-156.26,0.019399,0,1685629230,677892949
1,NDI-MF2 s/n:3BAA9000,18062,Port:10,0,Enabled,0.360243,-0.167445,-0.0145889,0.917592,-39.1747,31.0274,-156.291,0.0229006,0,1685629230,702901982
1,NDI-MF2 s/n:3BAA9000,18070,Port:10,0,Enabled,0.360428,-0.167658,-0.0130632,0.917503,-39.2371,31.2911,-156.425,0.0238256,0,1685629230,726926652
1,NDI-MF2 s/n:3BAA9000,18078,Port:10,0,Enabled,0.360828,-0.167587,-0.0116088,0.917378,-39.2402,31.4843,-156.377,0.0220037,0,1685629230,751925192
1,NDI-MF2 s/n:3BAA9000,18086,Port:10,0,Enabled,0.361304,-0.167736,-0.00992589,0.917184,-39.1371,31.6279,-156.125,0.0259938,0,1685629230,776918886
1,NDI-MF2 s/n:3BAA9000,18094,Port:10,0,Enabled,0.36134,-0.168289,-0.00947619,0.917073,-39.148,31.8884,-155.976,0.0220751,0,1685629230,801925659
1,NDI-MF2 s/n:3BAA9000,18102,Port:10,0,Enabled,0.361452,-0.168926,-0.00832671,0.916923,-39.196,32.1584,-156.232,0.0230802,0,1685629230,826905236
1,NDI-MF2 s/n:3BAA9000,18110,Port:10,0,Enabled,0.361861,-0.168804,-0.00635472,0.9168,-39.1681,32.4032,-156.257,0.0186432,0,1685629230,851927676
1,NDI-MF2 s/n:3BAA9000,18118,Port:10,0,Enabled,0.362161,-0.168666,-0.00579465,0.916711,-39.0217,32.6641,-156.08,0.0148982,0,1685629230,876901491
1,NDI-MF2 s/n:3BAA9000,18126,Port:10,0,Enabled,0.362546,-0.169529,-0.00503695,0.916403,-38.8716,32.8695,-156.067,0.0230732,0,1685629230,901887788
1,NDI-MF2 s/n:3BAA9000,18134,Port:10,0,Enabled,0.362598,-0.170099,-0.00375426,0.916283,-38.8801,33.1616,-156.169,0.0238495,0,1685629230,926941146
1,NDI-MF2 s/n:3BAA9000,18142,Port:10,0,Enabled,0.362918,-0.170117,-0.00219707,0.916158,-38.8687,33.4099,-156.3,0.0246354,0,1685629230,951895852
1,NDI-MF2 s/n:3BAA9000,18150,Port:10,0,Enabled,0.363576,-0.170004,7.98758e-05,0.915921,-38.7622,33.5425,-156.191,0.0270963,0,1685629230,976878133
1,NDI-MF2 s/n:3BAA9000,18158,Port:10,0,Enabled,0.363596,-0.170235,0.0006647,0.91587,-38.7358,33.8193,-155.975,0.024729,0,1685629231,1877191
1,NDI-MF2 s/n:3BAA9000,18166,Port:10,0,Enabled,0.363546,-0.17107,0.000979647,0.915734,-38.7281,34.0932,-156.114,0.0236098,0,1685629231,26886265
1,NDI-MF2 s/n:3BAA9000,18174,Port:10,0,Enabled,0.363837,-0.171045,0.00324119,0.915618,-38.7486,34.2945,-156.174,0.0204407,0,1685629231,51898995
1,NDI-MF2 s/n:3BAA9000,18182,Port:10,0,Enabled,0.364031,-0.170596,0.00450913,0.915619,-38.6809,34.5486,-156.078,0.0170246,0,1685629231,76975186
1,NDI-MF2 s/n:3BAA9000,18190,Port:10,0,Enabled,0.364377,-0.171121,0.00552323,0.915378,-38.5113,34.7513,-156.019,0.0247291,0,1685629231,101875272
1,NDI-MF2 s/n:3BAA9000,18198,Port:10,0,Enabled,0.364213,-0.171372,0.00623047,0.915392,-38.5279,35.0803,-155.946,0.0203622,0,1685629231,126931716
1,NDI-MF2 s/n:3BAA9000,18206,Port:10,0,Enabled,0.364453,-0.171437,0.00737043,0.915275,-38.4598,35.3413,-156.127,0.0232915,0,1685629231,151850532
1,NDI-MF2 s/n:3BAA9000,18214,Port:10,0,Enabled,0.365163,-0.171186,0.00995633,0.915015,-38.2862,35.48,-156.041,0.0249157,0,1685629231,176856438
1,NDI-MF2 s/n:3BAA9000,18222,Port:10,0,Enabled,0.36533,-0.171328,0.0108455,0.914912,-38.2008,35.6694,-155.829,0.0272904,0,1685629231,201965710
1,NDI-MF2 s/n:3BAA9000,18230,Port:10,0,Enabled,0.365319,-0.172107,0.0116108,0.91476,-38.2445,35.8819,-155.869,0.0213436,0,1685629231,226835086
1,NDI-MF2 s/n:3BAA9000,18238,Port:10,0,Enabled,0.365377,-0.17185,0.0135019,0.91476,-38.3197,36.1468,-155.903,0.017649,0,1685629231,251861137
1,NDI-MF2 s/n:3BAA9000,18246,Port:10,0,Enabled,0.36547,-0.17144,0.0140624,0.91479,-38.2063,36.3714,-155.784,0.0153342,0,1685629231,276827131
1,NDI-MF2 s/n:3BAA9000,18254,Port:10,0,Enabled,0.365934,-0.171781,0.015048,0.914526,-37.963,36.5579,-155.721,0.0234481,0,1685629231,301815286
1,NDI-MF2 s/n:3BAA9000,18262,Port:10,0,Enabled,0.366015,-0.172179,0.0161125,0.9144,-37.885,36.8491,-155.706,0.0243971,0,1685629231,326922068
1,NDI-MF2 s/n:3BAA9000,18270,Port:10,0,Enabled,0.366171,-0.172413,0.0171588,0.914275,-37.8526,37.0941,-155.889,0.0246107,0,1685629231,351822892
1,NDI-MF2 s/n:3BAA9000,18278,Port:10,0,Enabled,0.366842,-0.171889,0.0200393,0.914046,-37.7359,37.2407,-155.798,0.0231725,0,1685629231,376831166
1,NDI-MF2 s/n:3BAA9000,18286,Port:10,0,Enabled,0.366851,-0.171741,0.0208464,0.914052,-37.6212,37.478,-155.553,0.0236516,0,1685629231,401828772
1,NDI-MF2 s/n:3BAA9000,18294,Port:10,0,Enabled,0.366829,-0.172648,0.0210292,0.913885,-37.5069,37.6807,-155.614,0.022787,0,1685629231,426801929
1,NDI-MF2 s/n:3BAA9000,18302,Port:10,0,Enabled,0.36713,-0.172691,0.0232045,0.913704,-37.555,37.8503,-155.689,0.0184875,0,1685629231,451771314
1,NDI-MF2 s/n:3BAA9000,18310,Port:10,0,Enabled,0.367363,-0.172163,0.0247986,0.913668,-37.4648,38.0477,-155.642,0.014891,0,1685629231,476833476
1,NDI-MF2 s/n:3BAA9000,18318,Port:10,0,Enabled,0.367935,-0.171938,0.0261778,0.913442,-37.2228,38.1478,-155.402,0.0298461,0,1685629231,501790459
1,NDI-MF2 s/n:3BAA9000,18326,Port:10,0,Enabled,0.367784,-0.172355,0.0265436,0.913414,-37.1522,38.3801,-155.304,0.0229089,0,1685629231,526818638
1,NDI-MF2 s/n:3BAA9000,18334,Port:10,0,Enabled,0.367773,-0.172706,0.0270258,0.913337,-37.1148,38.6901,-155.512,0.0219962,0,1685629231,551780186
1,NDI-MF2 s/n:3BAA9000,18342,Port:10,0,Enabled,0.368386,-0.172141,0.0297831,0.913112,-37.0279,38.8981,-155.41,0.0212526,0,1685629231,576803174
1,NDI-MF2 s/n:3BAA9000,18350,Port:10,0,Enabled,0.368511,-0.172147,0.0304199,0.913039,-36.9075,39.1657,-155.176,0.0261079,0,1685629231,601749535
1,NDI-MF2 s/n:3BAA9000,18358,Port:10,0,Enabled,0.368729,-0.173135,0.0315016,0.912727,-36.8048,39.4421,-155.252,0.0273743,0,1685629231,626753771
1,NDI-MF2 s/n:3BAA9000,18366,Port:10,0,Enabled,0.368996,-0.172811,0.0341432,0.912586,-36.914,39.6377,-155.268,0.0234579,0,1685629231,651752754
1,NDI-MF2 s/n:3BAA9000,18374,Port:10,0,Enabled,0.36883,-0.172002,0.0354864,0.912754,-36.8695,39.8658,-155.094,0.0152765,0,1685629231,676766024
1,NDI-MF2 s/n:3BAA9000,18382,Port:10,0,Enabled,0.369135,-0.171617,0.0366558,0.912658,-36.5697,40.0262,-154.888,0.0325691,0,1685629231,701746256
1,NDI-MF2 s/n:3BAA9000,18390,Port:10,0,Enabled,0.368773,-0.171986,0.0369395,0.912723,-36.4656,40.2511,-154.796,0.0235568,0,1685629231,726751995
1,NDI-MF2 s/n:3BAA9000,18398,Port:10,0,Enabled,0.368984,-0.172356,0.038119,0.91252,-36.4383,40.3583,-155.041,0.0208438,0,1685629231,751776675
1,NDI-MF2 s/n:3BAA9000,18406,Port:10,0,Enabled,0.369492,-0.171077,0.0408335,0.912437,-36.3146,40.5039,-154.912,0.0197038,0,1685629231,776713241
1,NDI-MF2 s/n:3BAA9000,18414,Port:10,0,Enabled,0.369396,-0.171006,0.0410151,0.912481,-36.1621,40.7217,-154.634,0.0263432,0,1685629231,801741325
1,NDI-MF2 s/n:3BAA9000,18422,Port:10,0,Enabled,0.369488,-0.172055,0.0417992,0.912211,-36.0801,40.9644,-154.672,0.0223454,0,1685629231,826733515
1,NDI-MF2 s/n:3BAA9000,18430,Port:10,0,Enabled,0.369393,-0.171932,0.0431895,0.912208,-36.1414,41.2813,-154.807,0.0220574,0,1685629231,851683224
1,NDI-MF2 s/n:3BAA9000,18438,Port:10,0,Enabled,0.369981,-0.170674,0.045507,0.912093,-35.958,41.4119,-154.715,0.0144023,0,1685629231,876762822
1,NDI-MF2 s/n:3BAA9000,18446,Port:10,0,Enabled,0.370338,-0.170094,0.0472488,0.911968,-35.7041,41.5391,-154.303,0.0429136,0,1685629231,901760535
1,NDI-MF2 s/n:3BAA9000,18454,Port:10,0,Enabled,0.36998,-0.170858,0.0474273,0.911961,-35.6622,41.7428,-154.155,0.028804,0,1685629231,926715680
1,NDI-MF2 s/n:3BAA9000,18462,Port:10,0,Enabled,0.369697,-0.171656,0.0472748,0.911934,-35.6822,42.0119,-154.429,0.0242851,0,1685629231,951691090
1,NDI-MF2 s/n:3BAA9000,18470,Port:10,0,Enabled,0.370294,-0.170446,0.0503405,0.911755,-35.6233,42.1723,-154.397,0.0159834,0,1685629231,976701687
1,NDI-MF2 s/n:3BAA9000,18478,Port:10,0,Enabled,0.370492,-0.169804,0.0514526,0.911732,-35.4352,42.3645,-154.148,0.0248133,0,1685629232,1646108
1,NDI-MF2 s/n:3BAA9000,18486,Port:10,0,Enabled,0.370712,-0.17065,0.0520083,0.911453,-35.1742,42.6707,-154.196,0.0264681,0,1685629232,26667606
1,NDI-MF2 s/n:3BAA9000,18494,Port:10,0,Enabled,0.370927,-0.170668,0.0538593,0.911255,-35.1447,42.9584,-154.339,0.0212467,0,1685629232,51672287
1,NDI-MF2 s/n:3BAA9000,18502,Port:10,0,Enabled,0.37099,-0.169455,0.0557796,0.91134,-35.1163,43.1715,-154.254,0.0165785,0,1685629232,76701724
1,NDI-MF2 s/n:3BAA9000,18510,Port:10,0,Enabled,0.371271,-0.168303,0.0577427,0.911317,-34.8997,43.2684,-153.916,0.0393052,0,1685629232,101741294
1,NDI-MF2 s/n:3BAA9000,18518,Port:10,0,Enabled,0.370725,-0.168627,0.0578476,0.911472,-34.8008,43.4468,-153.728,0.0280364,0,1685629232,126721774
1,NDI-MF2 s/n:3BAA9000,18526,Port:10,0,Enabled,0.370419,-0.169512,0.0575107,0.911454,-34.7157,43.6204,-153.969,0.0231659,0,1685629232,151606088
1,NDI-MF2 s/n:3BAA9000,18534,Port:10,0,Enabled,0.371086,-0.168187,0.0602942,0.911249,-34.5415,43.6925,-153.976,0.0151957,0,1685629232,176626934
1,NDI-MF2 s/n:3BAA9000,18542,Port:10,0,Enabled,0.371352,-0.167263,0.0616624,0.911218,-34.3082,43.86,-153.775,0.0272302,0,1685629232,201635936
1,NDI-MF2 s/n:3BAA9000,18550,Port:10,0,Enabled,0.371692,-0.167909,0.0624014,0.91091,-34.0757,44.0913,-153.726,0.0320999,0,1685629232,226598118
1,NDI-MF2 s/n:3BAA9000,18558,Port:10,0,Enabled,0.371677,-0.168072,0.064033,0.910773,-34.0968,44.3059,-153.831,0.0199601,0,1685629232,251627240
1,NDI-MF2 s/n:3BAA9000,18566,Port:10,0,Enabled,0.371551,-0.167077,0.0656612,0.910892,-34.0238,44.5505,-153.825,0.0150793,0,1685629232,275662210
1,NDI-MF2 s/n:3BAA9000,18574,Port:10,0,Enabled,0.371875,-0.165806,0.0677055,0.910842,-33.78,44.6949,-153.481,0.032974,0,1685629232,301603889
1,NDI-MF2 s/n:3BAA9000,18582,Port:10,0,Enabled,0.371565,-0.166162,0.0676499,0.910908,-33.6697,44.8598,-153.247,0.0263329,0,1685629232,325744148
1,NDI-MF2 s/n:3BAA9000,18590,Port:10,0,Enabled,0.371519,-0.166948,0.0675596,0.91079,-33.5659,45.006,-153.458,0.0214221,0,1685629232,350711807
1,NDI-MF2 s/n:3BAA9000,18598,Port:10,0,Enabled,0.372111,-0.165277,0.070682,0.910616,-33.435,45.0987,-153.371,0.0178412,0,1685629232,375649680
1,NDI-MF2 s/n:3BAA9000,18606,Port:10,0,Enabled,0.371898,-0.164364,0.0718982,0.910773,-33.2885,45.2623,-153.044,0.0248546,0,1685629232,400652945
1,NDI-MF2 s/n:3BAA9000,18614,Port:10,0,Enabled,0.371972,-0.165064,0.0719894,0.910609,-33.0694,45.4371,-153.066,0.0283856,0,1685629232,425633359
1,NDI-MF2 s/n:3BAA9000,18622,Port:10,0,Enabled,0.371847,-0.165481,0.0727708,0.910522,-32.9119,45.6822,-153.357,0.0233072,0,1685629232,450657034
1,NDI-MF2 s/n:3BAA9000,18630,Port:10,0,Enabled,0.372189,-0.163886,0.0749119,0.910497,-32.7119,45.8391,-153.324,0.0153693,0,1685629232,475638768
1,NDI-MF2 s/n:3BAA9000,18638,Port:10,0,Enabled,0.372684,-0.162209,0.0776049,0.91037,-32.5338,45.9117,-152.899,0.0433351,0,1685629232,500724900
1,NDI-MF2 s/n:3BAA9000,18646,Port:10,0,Enabled,0.371977,-0.162616,0.0777149,0.910577,-32.4767,46.1804,-152.655,0.0312964,0,1685629232,525769438
1,NDI-MF2 s/n:3BAA9000,18654,Port:10,0,Enabled,0.371638,-0.163836,0.0774023,0.910523,-32.402,46.4415,-152.87,0.0206758,0,1685629232,550673504
1,NDI-MF2 s/n:3BAA9000,18662,Port:10,0,Enabled,0.372255,-0.162333,0.0802967,0.910289,-32.2349,46.5758,-152.808,0.0154027,0,1685629232,575668062
1,NDI-MF2 s/n:3BAA9000,18670,Port:10,0,Enabled,0.372258,-0.161022,0.0818662,0.910381,-32.0506,46.7137,-152.523,0.0211532,0,1685629232,600630952
1,NDI-MF2 s/n:3BAA9000,18678,Port:10,0,Enabled,0.372146,-0.161473,0.0822566,0.910312,-31.8872,46.832,-152.441,0.0250137,0,1685629232,625653516
1,NDI-MF2 s/n:3BAA9000,18686,Port:10,0,Enabled,0.372375,-0.161974,0.0826878,0.91009,-31.6787,47.1304,-152.658,0.0211913,0,1685629232,650653520
1,NDI-MF2 s/n:3BAA9000,18694,Port:10,0,Enabled,0.372633,-0.160824,0.0848797,0.909987,-31.5207,47.3807,-152.616,0.0202746,0,1685629232,675627415
1,NDI-MF2 s/n:3BAA9000,18702,Port:10,0,Enabled,0.373005,-0.159,0.0875721,0.9099,-31.4712,47.347,-152.256,0.0351264,0,1685629232,700698875
1,NDI-MF2 s/n:3BAA9000,18710,Port:10,0,Enabled,0.372337,-0.159531,0.0872838,0.910108,-31.2423,47.5073,-152.131,0.0241962,0,1685629232,725668754
1,NDI-MF2 s/n:3BAA9000,18718,Port:10,0,Enabled,0.372304,-0.159884,0.0877252,0.910018,-31.0326,47.7809,-152.312,0.020964,0,1685629232,750698158
1,NDI-MF2 s/n:3BAA9000,18726,Port:10,0,Enabled,0.372565,-0.157581,0.0905472,0.910036,-30.9793,47.8662,-152.171,0.0177491,0,1685629232,775615815
1,NDI-MF2 s/n:3BAA9000,18734,Port:10,0,Enabled,0.37223,-0.156105,0.0920286,0.910278,-30.7263,47.9253,-151.807,0.0226134,0,1685629232,800710264
1,NDI-MF2 s/n:3BAA9000,18742,Port:10,0,Enabled,0.372269,-0.156473,0.0925543,0.910146,-30.4454,48.0194,-151.589,0.0353249,0,1685629232,825635269
1,NDI-MF2 s/n:3BAA9000,18750,Port:10,0,Enabled,0.372033,-0.157454,0.0925606,0.910073,-30.2898,48.2119,-151.778,0.0187157,0,1685629232,850574802
1,NDI-MF2 s/n:3BAA9000,18758,Port:10,0,Enabled,0.371834,-0.156784,0.0932889,0.910196,-30.1516,48.3689,-151.902,0.023714,0,1685629232,875560019
1,NDI-MF2 s/n:3BAA9000,18766,Port:10,0,Enabled,0.37233,-0.154244,0.0963213,0.910111,-29.9941,48.4097,-151.493,0.0256676,0,1685629232,900579465
1,NDI-MF2 s/n:3BAA9000,18774,Port:10,0,Enabled,0.371936,-0.154185,0.0968745,0.910223,-29.8557,48.6049,-151.199,0.0271677,0,1685629232,925520883
1,NDI-MF2 s/n:3BAA9000,18782,Port:10,0,Enabled,0.371783,-0.155509,0.0965998,0.910089,-29.6741,48.819,-151.374,0.0184357,0,1685629232,950537498
1,NDI-MF2 s/n:3BAA9000,18790,Port:10,0,Enabled,0.372209,-0.153643,0.0990566,0.909968,-29.5266,48.9537,-151.264,0.012065,0,1685629232,975533487
1,NDI-MF2 s/n:3BAA9000,18798,Port:10,0,Enabled,0.372008,-0.151876,0.100836,0.910152,-29.3639,49.0466,-150.876,0.0179434,0,1685629233,564685
1,NDI-MF2 s/n:3BAA9000,18806,Port:10,0,Enabled,0.371947,-0.152061,0.101333,0.91009,-29.1389,49.1326,-150.765,0.0259662,0,1685629233,25514557
1,NDI-MF2 s/n:3BAA9000,18814,Port:10,0,Enabled,0.371485,-0.15286,0.100992,0.910183,-28.9997,49.3513,-150.995,0.0218865,0,1685629233,50625823
1,NDI-MF2 s/n:3BAA9000,18822,Port:10,0,Enabled,0.371737,-0.151302,0.102773,0.910141,-28.7663,49.4691,-151.043,0.0144378,0,1685629233,75484162
1,NDI-MF2 s/n:3BAA9000,18830,Port:10,0,Enabled,0.372031,-0.148521,0.105968,0.910112,-28.5504,49.4914,-150.521,0.0381405,0,1685629233,100474448
1,NDI-MF2 s/n:3BAA9000,18838,Port:10,0,Enabled,0.371542,-0.149254,0.106199,0.910166,-28.3697,49.605,-150.356,0.0293069,0,1685629233,125537564
1,NDI-MF2 s/n:3BAA9000,18846,Port:10,0,Enabled,0.371423,-0.150374,0.106029,0.91005,-28.2657,49.808,-150.605,0.0168562,0,1685629233,150461745
1,NDI-MF2 s/n:3BAA9000,18854,Port:10,0,Enabled,0.371245,-0.148281,0.107935,0.910242,-28.1489,50.0769,-150.474,0.013623,0,1685629233,175482251
1,NDI-MF2 s/n:3BAA9000,18862,Port:10,0,Enabled,0.370974,-0.146733,0.109311,0.910439,-27.9155,50.2293,-150.179,0.013289,0,1685629233,200504256
1,NDI-MF2 s/n:3BAA9000,18870,Port:10,0,Enabled,0.371299,-0.146701,0.110407,0.910179,-27.6878,50.345,-150.012,0.028954,0,1685629233,225484795
1,NDI-MF2 s/n:3BAA9000,18878,Port:10,0,Enabled,0.370972,-0.147374,0.110363,0.910209,-27.5223,50.6029,-150.192,0.018085,0,1685629233,250457623
1,NDI-MF2 s/n:3BAA9000,18886,Port:10,0,Enabled,0.370763,-0.146514,0.111223,0.910329,-27.3788,50.7462,-150.324,0.019992,0,1685629233,275451639
1,NDI-MF2 s/n:3BAA9000,18894,Port:10,0,Enabled,0.370962,-0.143154,0.114456,0.910381,-27.2799,50.7696,-149.832,0.0254923,0,1685629233,300435422
1,NDI-MF2 s/n:3BAA9000,18902,Port:10,0,Enabled,0.370407,-0.142878,0.115081,0.910572,-27.0723,50.8377,-149.507,0.0291309,0,1685629233,325455386
1,NDI-MF2 s/n:3BAA9000,18910,Port:10,0,Enabled,0.370397,-0.144154,0.11503,0.910381,-26.8241,50.8974,-149.682,0.0183732,0,1685629233,350477674
1,NDI-MF2 s/n:3BAA9000,18918,Port:10,0,Enabled,0.370178,-0.142458,0.116088,0.910603,-26.6459,51.1285,-149.655,0.013947,0,1685629233,375515104
1,NDI-MF2 s/n:3BAA9000,18926,Port:10,0,Enabled,0.369715,-0.140561,0.117528,0.910901,-26.523,51.2837,-149.355,0.0124041,0,1685629233,400417048
1,NDI-MF2 s/n:3BAA9000,18934,Port:10,0,Enabled,0.369893,-0.140173,0.118962,0.910703,-26.3092,51.3903,-149.143,0.0291376,0,1685629233,425417752
1,NDI-MF2 s/n:3BAA9000,18942,Port:10,0,Enabled,0.369699,-0.140982,0.1187,0.91069,-26.0479,51.5558,-149.286,0.0177866,0,1685629233,450435070
1,NDI-MF2 s/n:3BAA9000,18950,Port:10,0,Enabled,0.369909,-0.140173,0.119676,0.910602,-25.8239,51.6108,-149.409,0.0155953,0,1685629233,475433252
1,NDI-MF2 s/n:3BAA9000,18958,Port:10,0,Enabled,0.369916,-0.136743,0.1224,0.910759,-25.6653,51.7353,-148.905,0.022472,0,1685629233,500399290
1,NDI-MF2 s/n:3BAA9000,18966,Port:10,0,Enabled,0.369255,-0.136861,0.122896,0.910942,-25.5622,51.8289,-148.664,0.021163,0,1685629233,525421750
1,NDI-MF2 s/n:3BAA9000,18974,Port:10,0,Enabled,0.369059,-0.138174,0.122567,0.910868,-25.3416,51.9439,-148.833,0.0153649,0,1685629233,550479204
1,NDI-MF2 s/n:3BAA9000,18982,Port:10,0,Enabled,0.368966,-0.136378,0.123677,0.911027,-25.1009,52.1185,-148.82,0.0177422,0,1685629233,575402963
1,NDI-MF2 s/n:3BAA9000,18990,Port:10,0,Enabled,0.368878,-0.134023,0.125631,0.911144,-24.9127,52.1514,-148.515,0.0115956,0,1685629233,600404171
1,NDI-MF2 s/n:3BAA9000,18998,Port:10,0,Enabled,0.368964,-0.133202,0.1271,0.911026,-24.7402,52.1802,-148.201,0.0300715,0,1685629233,625389476
1,NDI-MF2 s/n:3BAA9000,19006,Port:10,0,Enabled,0.368294,-0.134374,0.126251,0.911243,-24.5096,52.3931,-148.474,0.0187627,0,1685629233,650370639
1,NDI-MF2 s/n:3BAA9000,19014,Port:10,0,Enabled,0.368055,-0.133032,0.127079,0.911422,-24.2091,52.5748,-148.567,0.0216585,0,1685629233,675334226
1,NDI-MF2 s/n:3BAA9000,19022,Port:10,0,Enabled,0.368029,-0.129215,0.130361,0.911517,-24.0934,52.6128,-147.99,0.0213909,0,1685629233,700328488
1,NDI-MF2 s/n:3BAA9000,19030,Port:10,0,Enabled,0.367381,-0.129151,0.130991,0.911698,-23.918,52.662,-147.695,0.0227449,0,1685629233,725378842
1,NDI-MF2 s/n:3BAA9000,19038,Port:10,0,Enabled,0.367303,-0.131268,0.130131,0.91155,-23.6721,52.7227,-147.892,0.0159849,0,1685629233,750348110
1,NDI-MF2 s/n:3BAA9000,19046,Port:10,0,Enabled,0.367215,-0.12976,0.130714,0.911718,-23.5231,52.9648,-147.91,0.0205538,0,1685629233,775366393
1,NDI-MF2 s/n:3BAA9000,19054,Port:10,0,Enabled,0.367229,-0.126836,0.132993,0.911794,-23.3388,53.0043,-147.563,0.00973364,0,1685629233,800322958
1,NDI-MF2 s/n:3BAA9000,19062,Port:10,0,Enabled,0.367416,-0.125323,0.13509,0.91162,-23.1032,53.0687,-147.167,0.0356728,0,1685629233,825292292
1,NDI-MF2 s/n:3BAA9000,19070,Port:10,0,Enabled,0.366794,-0.126813,0.134034,0.91182,-22.8568,53.1967,-147.336,0.0155346,0,1685629233,850356099
1,NDI-MF2 s/n:3BAA9000,19078,Port:10,0,Enabled,0.366123,-0.126664,0.133719,0.912157,-22.6232,53.3401,-147.548,0.031946,0,1685629233,874386826
1,NDI-MF2 s/n:3BAA9000,19086,Port:10,0,Enabled,0.365701,-0.122482,0.136449,0.912493,-22.5918,53.4167,-147.056,0.0131642,0,1685629233,899376848
1,NDI-MF2 s/n:3BAA9000,19094,Port:10,0,Enabled,0.365378,-0.122456,0.137527,0.912464,-22.2944,53.291,-146.842,0.0143932,0,1685629233,924354837
1,NDI-MF2 s/n:3BAA9000,19102,Port:10,0,Enabled,0.3657,-0.12357,0.137208,0.912233,-21.8748,53.3064,-146.993,0.0129096,0,1685629233,949388631
1,NDI-MF2 s/n:3BAA9000,19110,Port:10,0,Enabled,0.365633,-0.121567,0.138052,0.912401,-21.7263,53.4753,-146.943,0.013166,0,1685629233,974366582
1,NDI-MF2 s/n:3BAA9000,19118,Port:10,0,Enabled,0.365205,-0.118279,0.140304,0.912661,-21.6485,53.5786,-146.479,0.0102988,0,1685629233,999344507
1,NDI-MF2 s/n:3BAA9000,19126,Port:10,0,Enabled,0.364814,-0.11734,0.141889,0.912694,-21.5157,53.5477,-146.007,0.0277512,0,1685629234,24343768
1,NDI-MF2 s/n:3BAA9000,19134,Port:10,0,Enabled,0.364422,-0.119815,0.14031,0.912773,-21.0972,53.5911,-146.348,0.0214296,0,1685629234,49339963
1,NDI-MF2 s/n:3BAA9000,19142,Port:10,0,Enabled,0.364271,-0.119186,0.140258,0.912924,-20.7416,53.7767,-146.57,0.03632,0,1685629234,74343243
1,NDI-MF2 s/n:3BAA9000,19150,Port:10,0,Enabled,0.363906,-0.114585,0.143318,0.913183,-20.7513,53.8928,-146.011,0.0114532,0,1685629234,99329589
1,NDI-MF2 s/n:3BAA9000,19158,Port:10,0,Enabled,0.363364,-0.11348,0.1449,0.913287,-20.6034,53.9453,-145.686,0.0180725,0,1685629234,124323026
1,NDI-MF2 s/n:3BAA9000,19166,Port:10,0,Enabled,0.36329,-0.115603,0.144435,0.913124,-20.2454,53.9884,-145.849,0.0141727,0,1685629234,149337440
1,NDI-MF2 s/n:3BAA9000,19174,Port:10,0,Enabled,0.363132,-0.114487,0.144201,0.913364,-19.9034,54.1391,-145.915,0.0236454,0,1685629234,174338476
1,NDI-MF2 s/n:3BAA9000,19182,Port:10,0,Enabled,0.362485,-0.111463,0.145665,0.913763,-19.8,54.1707,-145.55,0.0243796,0,1685629234,199310115
1,NDI-MF2 s/n:3BAA9000,19190,Port:10,0,Enabled,0.36216,-0.109288,0.148177,0.913751,-19.7586,54.1397,-145.004,0.022165,0,1685629234,224326645
1,NDI-MF2 s/n:3BAA9000,19198,Port:10,0,Enabled,0.361841,-0.110562,0.147733,0.913795,-19.485,54.2725,-145.074,0.0145826,0,1685629234,249343449
1,NDI-MF2 s/n:3BAA9000,19206,Port:10,0,Enabled,0.361574,-0.111559,0.14682,0.913927,-19.0884,54.4224,-145.381,0.0257959,0,1685629234,274290473
1,NDI-MF2 s/n:3BAA9000,19214,Port:10,0,Enabled,0.361032,-0.107278,0.14872,0.914347,-18.9581,54.5111,-145.014,0.0218088,0,1685629234,299277399
1,NDI-MF2 s/n:3BAA9000,19222,Port:10,0,Enabled,0.360542,-0.106016,0.150503,0.914395,-18.7687,54.3555,-144.672,0.0121627,0,1685629234,324270564
1,NDI-MF2 s/n:3BAA9000,19230,Port:10,0,Enabled,0.360517,-0.106808,0.150692,0.914282,-18.4506,54.3909,-144.692,0.0145649,0,1685629234,349312842
1,NDI-MF2 s/n:3BAA9000,19238,Port:10,0,Enabled,0.360007,-0.105393,0.150621,0.914659,-18.2797,54.6084,-144.706,0.0196473,0,1685629234,374300264
1,NDI-MF2 s/n:3BAA9000,19246,Port:10,0,Enabled,0.359234,-0.102869,0.151663,0.915078,-18.0535,54.7184,-144.474,0.0250828,0,1685629234,399295758
1,NDI-MF2 s/n:3BAA9000,19254,Port:10,0,Enabled,0.359062,-0.100805,0.1542,0.914951,-17.9477,54.6149,-143.991,0.0231584,0,1685629234,424268206
1,NDI-MF2 s/n:3BAA9000,19262,Port:10,0,Enabled,0.358812,-0.102446,0.153307,0.915017,-17.5633,54.7198,-144.123,0.0130501,0,1685629234,449263370
1,NDI-MF2 s/n:3BAA9000,19270,Port:10,0,Enabled,0.358505,-0.102262,0.152844,0.915235,-17.313,54.859,-144.233,0.0222829,0,1685629234,474271542
1,NDI-MF2 s/n:3BAA9000,19278,Port:10,0,Enabled,0.357512,-0.0978654,0.154559,0.915816,-17.2454,55.0056,-143.765,0.0240667,0,1685629234,499325711
1,NDI-MF2 s/n:3BAA9000,19286,Port:10,0,Enabled,0.356634,-0.0965091,0.155795,0.916093,-17.1241,54.8676,-143.394,0.0185024,0,1685629234,524248329
1,NDI-MF2 s/n:3BAA9000,19294,Port:10,0,Enabled,0.356727,-0.0981239,0.155881,0.915871,-16.6979,54.7455,-143.498,0.0124552,0,1685629234,549295686
1,NDI-MF2 s/n:3BAA9000,19302,Port:10,0,Enabled,0.356302,-0.0970582,0.155066,0.916288,-16.2901,54.9653,-143.61,0.0308437,0,1685629234,574231150
1,NDI-MF2 s/n:3BAA9000,19310,Port:10,0,Enabled,0.355397,-0.0945139,0.155743,0.91679,-16.1761,55.028,-143.388,0.0387025,0,1685629234,599303089
1,NDI-MF2 s/n:3BAA9000,19318,Port:10,0,Enabled,0.354885,-0.0918724,0.158484,0.916788,-16.189,54.8615,-142.907,0.0165314,0,1685629234,624237275
1,NDI-MF2 s/n:3BAA9000,19326,Port:10,0,Enabled,0.354705,-0.0928297,0.158044,0.916837,-15.7824,54.8992,-142.989,0.01586,0,1685629234,649232034
1,NDI-MF2 s/n:3BAA9000,19334,Port:10,0,Enabled,0.354635,-0.0933987,0.15722,0.916948,-15.2921,54.9818,-143.176,0.027213,0,1685629234,674221270
1,NDI-MF2 s/n:3BAA9000,19342,Port:10,0,Enabled,0.353714,-0.0890061,0.158713,0.917483,-15.2748,55.1111,-142.753,0.0265025,0,1685629234,699233518
1,NDI-MF2 s/n:3BAA9000,19350,Port:10,0,Enabled,0.35281,-0.0870421,0.160445,0.917718,-15.234,55.0626,-142.331,0.0188052,0,1685629234,724183065
1,NDI-MF2 s/n:3BAA9000,19358,Port:10,0,Enabled,0.352591,-0.088037,0.160898,0.917628,-15.0145,54.9899,-142.265,0.013916,0,1685629234,749208758
1,NDI-MF2 s/n:3BAA9000,19366,Port:10,0,Enabled,0.351768,-0.0875316,0.159363,0.91826,-14.6153,55.2824,-142.326,0.0427886,0,1685629234,774296323
1,NDI-MF2 s/n:3BAA9000,19374,Port:10,0,Enabled,0.351031,-0.0846406,0.160956,0.918535,-14.5153,55.2773,-141.982,0.0301537,0,1685629234,799221122
1,NDI-MF2 s/n:3BAA9000,19382,Port:10,0,Enabled,0.350883,-0.0830284,0.163184,0.918346,-14.4342,55.1953,-141.632,0.0203673,0,1685629234,824162047
1,NDI-MF2 s/n:3BAA9000,19390,Port:10,0,Enabled,0.350984,-0.0851064,0.161901,0.918344,-13.9116,55.2835,-141.884,0.0115032,0,1685629234,849154231
1,NDI-MF2 s/n:3BAA9000,19398,Port:10,0,Enabled,0.350052,-0.0836949,0.161099,0.91897,-13.6952,55.4658,-141.824,0.0342295,0,1685629234,874161951
1,NDI-MF2 s/n:3BAA9000,19406,Port:10,0,Enabled,0.34824,-0.0783069,0.162659,0.919858,-13.8383,55.5621,-141.197,0.0408878,0,1685629234,899174477
1,NDI-MF2 s/n:3BAA9000,19414,Port:10,0,Enabled,0.347442,-0.0769059,0.164429,0.919964,-13.6924,55.3822,-140.777,0.0276039,0,1685629234,924138855
1,NDI-MF2 s/n:3BAA9000,19422,Port:10,0,Enabled,0.347807,-0.0787924,0.165089,0.919548,-13.2181,55.2045,-140.819,0.0200941,0,1685629234,949179783
1,NDI-MF2 s/n:3BAA9000,19430,Port:10,0,Enabled,0.347499,-0.0784611,0.163511,0.919974,-12.7603,55.4675,-141.017,0.0217442,0,1685629234,974225517
1,NDI-MF2 s/n:3BAA9000,19438,Port:10,0,Enabled,0.34636,-0.0758438,0.163491,0.920627,-12.6351,55.6495,-140.871,0.0364125,0,1685629234,999098202
1,NDI-MF2 s/n:3BAA9000,19446,Port:10,0,Enabled,0.345418,-0.0727372,0.165677,0.920841,-12.6575,55.5015,-140.415,0.0218469,0,1685629235,24121577
1,NDI-MF2 s/n:3BAA9000,19454,Port:10,0,Enabled,0.34531,-0.0738895,0.165258,0.920865,-12.1158,55.3602,-140.486,0.0184091,0,1685629235,49205767
1,NDI-MF2 s/n:3BAA9000,19462,Port:10,0,Enabled,0.344868,-0.0737064,0.164577,0.921167,-11.654,55.4314,-140.568,0.0307127,0,1685629235,74168483
1,NDI-MF2 s/n:3BAA9000,19470,Port:10,0,Enabled,0.34351,-0.0690904,0.166038,0.921769,-11.7834,55.504,-140.166,0.029885,0,1685629235,99095078
1,NDI-MF2 s/n:3BAA9000,19478,Port:10,0,Enabled,0.342741,-0.0674126,0.167578,0.921901,-11.7331,55.3789,-139.815,0.0214285,0,1685629235,124089531
1,NDI-MF2 s/n:3BAA9000,19486,Port:10,0,Enabled,0.343078,-0.0689616,0.167996,0.921585,-11.2693,55.2159,-139.789,0.0188031,0,1685629235,149148627
1,NDI-MF2 s/n:3BAA9000,19494,Port:10,0,Enabled,0.342643,-0.0685311,0.166541,0.922043,-10.7569,55.3464,-139.848,0.0232902,0,1685629235,174120807
1,NDI-MF2 s/n:3BAA9000,19502,Port:10,0,Enabled,0.341557,-0.0655347,0.166498,0.922672,-10.5431,55.4722,-139.694,0.0378352,0,1685629235,199089953
1,NDI-MF2 s/n:3BAA9000,19510,Port:10,0,Enabled,0.340585,-0.0624029,0.169342,0.92273,-10.7418,55.3204,-139.154,0.024301,0,1685629235,224065217
1,NDI-MF2 s/n:3BAA9000,19518,Port:10,0,Enabled,0.340479,-0.0634683,0.16952,0.922664,-10.3913,55.2466,-139.082,0.0161549,0,1685629235,249055397
1,NDI-MF2 s/n:3BAA9000,19526,Port:10,0,Enabled,0.340192,-0.0643558,0.168143,0.92296,-9.92259,55.354,-139.166,0.0228815,0,1685629235,274056251
1,NDI-MF2 s/n:3BAA9000,19534,Port:10,0,Enabled,0.338597,-0.0605191,0.16831,0.923776,-9.98634,55.4797,-138.83,0.0387573,0,1685629235,299157901
1,NDI-MF2 s/n:3BAA9000,19542,Port:10,0,Enabled,0.338111,-0.0591466,0.17011,0.923713,-9.8018,55.2651,-138.548,0.0186068,0,1685629235,324026517
1,NDI-MF2 s/n:3BAA9000,19550,Port:10,0,Enabled,0.338459,-0.0601102,0.170953,0.923368,-9.26377,55.1826,-138.477,0.023213,0,1685629235,349074542
1,NDI-MF2 s/n:3BAA9000,19558,Port:10,0,Enabled,0.33778,-0.0590224,0.169431,0.923966,-8.91889,55.4297,-138.487,0.0152917,0,1685629235,374015208
1,NDI-MF2 s/n:3BAA9000,19566,Port:10,0,Enabled,0.33587,-0.0556696,0.16896,0.924957,-8.94438,55.6101,-138.217,0.0401518,0,1685629235,399093411
1,NDI-MF2 s/n:3BAA9000,19574,Port:10,0,Enabled,0.334567,-0.0525564,0.171909,0.925067,-9.16311,55.3173,-137.707,0.0281546,0,1685629235,424056748
1,NDI-MF2 s/n:3BAA9000,19582,Port:10,0,Enabled,0.33461,-0.0538046,0.171921,0.924979,-8.57182,55.1251,-137.698,0.0174369,0,1685629235,448047319
1,NDI-MF2 s/n:3BAA9000,19590,Port:10,0,Enabled,0.334551,-0.0546079,0.170395,0.925235,-7.86472,55.1701,-137.86,0.0218808,0,1685629235,473085167
1,NDI-MF2 s/n:3BAA9000,19598,Port:10,0,Enabled,0.3326,-0.0503551,0.17001,0.92625,-7.98365,55.3711,-137.537,0.0402962,0,1685629235,498041006
1,NDI-MF2 s/n:3BAA9000,19606,Port:10,0,Enabled,0.331115,-0.0478698,0.171643,0.926612,-8.12472,55.2049,-137.085,0.0347452,0,1685629235,523050691
1,NDI-MF2 s/n:3BAA9000,19614,Port:10,0,Enabled,0.333301,-0.0481561,0.174428,0.925293,-7.70502,54.3893,-137.107,0.0573982,0,1685629235,548061455
1,NDI-MF2 s/n:3BAA9000,19622,Port:10,0,Enabled,0.329554,-0.0496272,0.166718,0.927974,-7.01208,55.0495,-136.896,0.109832,0,1685629235,574054663
1,NDI-MF2 s/n:3BAA9000,19630,Port:10,0,Enabled,0.328181,-0.0446711,0.170796,0.927971,-7.1945,54.4522,-136.687,0.0393053,0,1685629235,598146958
1,NDI-MF2 s/n:3BAA9000,19638,Port:10,0,Enabled,0.326492,-0.0431478,0.172554,0.928314,-7.34978,54.5628,-136.171,0.0451624,0,1685629235,623149192
1,NDI-MF2 s/n:3BAA9000,19646,Port:10,0,Enabled,0.325747,-0.0433749,0.172211,0.928629,-6.92628,54.726,-136.066,0.0355174,0,1685629235,648048235
1,NDI-MF2 s/n:3BAA9000,19654,Port:10,0,Enabled,0.325629,-0.0436891,0.171673,0.928755,-6.5407,54.9383,-136.061,0.0321933,0,1685629235,673116783
1,NDI-MF2 s/n:3BAA9000,19662,Port:10,0,Enabled,0.322573,-0.037696,0.171458,0.930123,-6.53377,54.8954,-135.693,0.0514004,0,1685629235,698026544
1,NDI-MF2 s/n:3BAA9000,19670,Port:10,0,Enabled,0.32197,-0.0368031,0.174498,0.929802,-6.47335,54.4145,-135.289,0.0296399,0,1685629235,723022258
1,NDI-MF2 s/n:3BAA9000,19678,Port:10,0,Enabled,0.322745,-0.0390931,0.174116,0.929511,-5.63888,54.391,-135.4,0.0267679,0,1685629235,748032901
1,NDI-MF2 s/n:3BAA9000,19686,Port:10,0,Enabled,0.321538,-0.0372207,0.171402,0.93051,-5.12442,54.8488,-135.566,0.0233448,0,1685629235,773034023
1,NDI-MF2 s/n:3BAA9000,19694,Port:10,0,Enabled,0.319271,-0.0333813,0.172395,0.931253,-5.47505,54.844,-135.288,0.0304934,0,1685629235,798059830
1,NDI-MF2 s/n:3BAA9000,19702,Port:10,0,Enabled,0.31782,-0.0316125,0.175238,0.93128,-5.65462,54.341,-134.839,0.0297779,0,1685629235,823039084
1,NDI-MF2 s/n:3BAA9000,19710,Port:10,0,Enabled,0.31788,-0.0335605,0.173913,0.93144,-4.88402,54.3146,-134.87,0.0206167,0,1685629235,848005250
1,NDI-MF2 s/n:3BAA9000,19718,Port:10,0,Enabled,0.318003,-0.0345203,0.172449,0.931635,-4.1004,54.4208,-134.976,0.0233403,0,1685629235,873023873
1,NDI-MF2 s/n:3BAA9000,19726,Port:10,0,Enabled,0.314586,-0.0286454,0.171659,0.933139,-4.43726,54.5046,-134.61,0.0430191,0,1685629235,897987552
1,NDI-MF2 s/n:3BAA9000,19734,Port:10,0,Enabled,0.313099,-0.0262773,0.173994,0.933276,-4.46151,54.1722,-134.211,0.0298582,0,1685629235,922996377
1,NDI-MF2 s/n:3BAA9000,19742,Port:10,0,Enabled,0.313394,-0.0281966,0.174908,0.93295,-3.98557,53.9778,-134.008,0.0290309,0,1685629235,947974688
1,NDI-MF2 s/n:3BAA9000,19750,Port:10,0,Enabled,0.312138,-0.0273748,0.172147,0.933909,-3.51284,54.3387,-133.964,0.0257104,0,1685629235,973101661
1,NDI-MF2 s/n:3BAA9000,19758,Port:10,0,Enabled,0.310165,-0.0241098,0.17168,0.934742,-3.397,54.5082,-133.907,0.0295623,0,1685629235,998033439
1,NDI-MF2 s/n:3BAA9000,19766,Port:10,0,Enabled,0.308394,-0.021245,0.174219,0.934928,-3.7876,54.1481,-133.448,0.0280831,0,1685629236,22984606
1,NDI-MF2 s/n:3BAA9000,19774,Port:10,0,Enabled,0.308788,-0.0230559,0.173573,0.934875,-2.92024,54.0403,-133.479,0.0142123,0,1685629236,47966199
1,NDI-MF2 s/n:3BAA9000,19782,Port:10,0,Enabled,0.307721,-0.022431,0.172175,0.9355,-2.50733,54.1908,-133.402,0.0181913,0,1685629236,72951346
1,NDI-MF2 s/n:3BAA9000,19790,Port:10,0,Enabled,0.304696,-0.0175474,0.172458,0.936542,-2.94663,54.2285,-133.073,0.0352895,0,1685629236,98009267
1,NDI-MF2 s/n:3BAA9000,19798,Port:10,0,Enabled,0.303916,-0.0168843,0.17476,0.936381,-2.7937,53.7735,-132.686,0.0231807,0,1685629236,122936642
1,NDI-MF2 s/n:3BAA9000,19806,Port:10,0,Enabled,0.303643,-0.0178912,0.174378,0.936522,-2.29895,53.6301,-132.466,0.0289724,0,1685629236,147947113
1,NDI-MF2 s/n:3BAA9000,19814,Port:10,0,Enabled,0.301981,-0.0162976,0.170945,0.937721,-1.67929,54.1146,-132.591,0.027345,0,1685629236,172901864
1,NDI-MF2 s/n:3BAA9000,19822,Port:10,0,Enabled,0.299833,-0.0127341,0.171352,0.938391,-1.71201,54.1483,-132.442,0.0277721,0,1685629236,197900560
1,NDI-MF2 s/n:3BAA9000,19830,Port:10,0,Enabled,0.298218,-0.00984742,0.174873,0.93829,-2.13825,53.5875,-131.899,0.0339853,0,1685629236,222905978
1,NDI-MF2 s/n:3BAA9000,19838,Port:10,0,Enabled,0.298029,-0.0111017,0.174243,0.938453,-1.42201,53.3831,-131.684,0.0244731,0,1685629236,247944139
1,NDI-MF2 s/n:3BAA9000,19846,Port:10,0,Enabled,0.298129,-0.0128182,0.17198,0.938817,-0.495026,53.6321,-131.752,0.0232962,0,1685629236,272894549
1,NDI-MF2 s/n:3BAA9000,19854,Port:10,0,Enabled,0.294825,-0.00806314,0.17057,0.94017,-0.91414,53.9241,-131.574,0.0314131,0,1685629236,297884553
1,NDI-MF2 s/n:3BAA9000,19862,Port:10,0,Enabled,0.293024,-0.00546723,0.172408,0.940416,-1.07721,53.6683,-131.217,0.0266158,0,1685629236,322867366
1,NDI-MF2 s/n:3BAA9000,19870,Port:10,0,Enabled,0.293075,-0.00652334,0.173908,0.940117,-0.584548,53.2218,-130.859,0.0313694,0,1685629236,347989133
1,NDI-MF2 s/n:3BAA9000,19878,Port:10,0,Enabled,0.291951,-0.00623695,0.170927,0.941015,0.046113,53.4397,-130.868,0.0222343,0,1685629236,372994356
1,NDI-MF2 s/n:3BAA9000,19886,Port:10,0,Enabled,0.289787,-0.00326828,0.170251,0.941821,0.0145741,53.4723,-130.792,0.0190987,0,1685629236,397864471
1,NDI-MF2 s/n:3BAA9000,19894,Port:10,0,Enabled,0.28776,-9.06857e-05,0.171799,0.942167,-0.243532,53.0812,-130.412,0.0254545,0,1685629236,422915085
1,NDI-MF2 s/n:3BAA9000,19902,Port:10,0,Enabled,0.287199,-0.00076879,0.171274,0.942434,0.222323,53.0143,-130.118,0.0229454,0,1685629236,447854425
1,NDI-MF2 s/n:3BAA9000,19910,Port:10,0,Enabled,0.286619,-0.00164648,0.169337,0.942959,0.923687,53.266,-130.05,0.0250073,0,1685629236,472875523
1,NDI-MF2 s/n:3BAA9000,19918,Port:10,0,Enabled,0.283383,0.00326031,0.168305,0.944117,0.527043,53.4111,-129.92,0.0304892,0,1685629236,497833507
1,NDI-MF2 s/n:3BAA9000,19926,Port:10,0,Enabled,0.281597,0.00590632,0.169914,0.94435,0.500022,53.0628,-129.645,0.0274967,0,1685629236,522819869
1,NDI-MF2 s/n:3BAA9000,19934,Port:10,0,Enabled,0.281933,0.00489015,0.171991,0.94388,0.998132,52.4936,-129.173,0.0350695,0,1685629236,547827208
1,NDI-MF2 s/n:3BAA9000,19942,Port:10,0,Enabled,0.280845,0.00471128,0.168262,0.944877,1.73453,52.7525,-129.138,0.0247882,0,1685629236,572876497
1,NDI-MF2 s/n:3BAA9000,19950,Port:10,0,Enabled,0.278767,0.00678505,0.166357,0.945816,1.94051,53.0259,-129.233,0.0228679,0,1685629236,597846758
1,NDI-MF2 s/n:3BAA9000,19958,Port:10,0,Enabled,0.276618,0.0109508,0.169149,0.945913,1.25149,52.5839,-128.891,0.0238803,0,1685629236,622850056
1,NDI-MF2 s/n:3BAA9000,19966,Port:10,0,Enabled,0.27597,0.0107471,0.169123,0.946109,1.65841,52.3925,-128.569,0.0227564,0,1685629236,647870482
1,NDI-MF2 s/n:3BAA9000,19974,Port:10,0,Enabled,0.275748,0.00915325,0.167229,0.946527,2.51468,52.4914,-128.403,0.0249477,0,1685629236,672879933
1,NDI-MF2 s/n:3BAA9000,19982,Port:10,0,Enabled,0.272991,0.0128589,0.165297,0.947622,2.39391,52.6202,-128.306,0.024577,0,1685629236,697825040
1,NDI-MF2 s/n:3BAA9000,19990,Port:10,0,Enabled,0.271155,0.0156541,0.166281,0.947935,2.34958,52.2983,-128.082,0.0211686,0,1685629236,722788056
1,NDI-MF2 s/n:3BAA9000,19998,Port:10,0,Enabled,0.271076,0.0152568,0.168247,0.947617,2.63385,51.8202,-127.64,0.0278916,0,1685629236,747827936
1,NDI-MF2 s/n:3BAA9000,20006,Port:10,0,Enabled,0.269859,0.0150983,0.165169,0.948508,3.19044,52.0932,-127.568,0.0213867,0,1685629236,772826348
1,NDI-MF2 s/n:3BAA9000,20014,Port:10,0,Enabled,0.267997,0.0172235,0.164457,0.949124,3.28138,52.1571,-127.503,0.0142059,0,1685629236,797789690
1,NDI-MF2 s/n:3BAA9000,20022,Port:10,0,Enabled,0.266454,0.0203876,0.166504,0.949138,3.05029,51.6771,-127.221,0.0184091,0,1685629236,822869245
1,NDI-MF2 s/n:3BAA9000,20030,Port:10,0,Enabled,0.26558,0.0203565,0.16522,0.949608,3.49993,51.6113,-126.972,0.0217132,0,1685629236,847813508
1,NDI-MF2 s/n:3BAA9000,20038,Port:10,0,Enabled,0.264708,0.0197286,0.163324,0.950192,4.07237,51.849,-126.843,0.021097,0,1685629236,872822394
1,NDI-MF2 s/n:3BAA9000,20046,Port:10,0,Enabled,0.26204,0.0233683,0.162428,0.951003,3.82072,51.9793,-126.781,0.0192849,0,1685629236,897756037
1,NDI-MF2 s/n:3BAA9000,20054,Port:10,0,Enabled,0.260425,0.0258875,0.164037,0.951105,3.77566,51.5431,-126.444,0.0177669,0,1685629236,922743830
1,NDI-MF2 s/n:3BAA9000,20062,Port:10,0,Enabled,0.260282,0.0254266,0.164862,0.951014,4.30945,51.07,-125.976,0.031175,0,1685629236,947802788
1,NDI-MF2 s/n:3BAA9000,20070,Port:10,0,Enabled,0.258919,0.0250973,0.161428,0.951984,4.84345,51.3332,-125.904,0.0245093,0,1685629236,972721462
1,NDI-MF2 s/n:3BAA9000,20078,Port:10,0,Enabled,0.25703,0.0270473,0.160581,0.952585,4.89704,51.4186,-125.924,0.0122184,0,1685629236,996778048
1,NDI-MF2 s/n:3BAA9000,20086,Port:10,0,Enabled,0.255373,0.0302549,0.162063,0.952683,4.65918,51.008,-125.694,0.0137245,0,1685629237,21837531
1,NDI-MF2 s/n:3BAA9000,20094,Port:10,0,Enabled,0.254594,0.0302571,0.161543,0.95298,5.01191,50.8695,-125.357,0.0216516,0,1685629237,46812071
1,NDI-MF2 s/n:3BAA9000,20102,Port:10,0,Enabled,0.253572,0.0295912,0.15955,0.953609,5.57839,51.0313,-125.163,0.0210187,0,1685629237,71732591
1,NDI-MF2 s/n:3BAA9000,20110,Port:10,0,Enabled,0.25118,0.0326073,0.158185,0.954371,5.43302,51.0694,-125.063,0.0146245,0,1685629237,96778308
1,NDI-MF2 s/n:3BAA9000,20118,Port:10,0,Enabled,0.249473,0.0349589,0.158721,0.954646,5.4641,50.7067,-124.825,0.0133601,0,1685629237,121832311
1,NDI-MF2 s/n:3BAA9000,20126,Port:10,0,Enabled,0.249109,0.0352152,0.159921,0.954531,5.7616,50.3196,-124.346,0.0246861,0,1685629237,146762915
1,NDI-MF2 s/n:3BAA9000,20134,Port:10,0,Enabled,0.247628,0.0351501,0.156942,0.955413,6.20501,50.5874,-124.203,0.0195517,0,1685629237,171806994
1,NDI-MF2 s/n:3BAA9000,20142,Port:10,0,Enabled,0.24561,0.0362138,0.15522,0.956175,6.47327,50.7503,-124.21,0.0163766,0,1685629237,196805276
1,NDI-MF2 s/n:3BAA9000,20150,Port:10,0,Enabled,0.243917,0.0397001,0.157038,0.956174,6.1285,50.3174,-124.044,0.009863,0,1685629237,221845789
1,NDI-MF2 s/n:3BAA9000,20158,Port:10,0,Enabled,0.242985,0.0404774,0.157071,0.956373,6.28977,49.9386,-123.671,0.0171119,0,1685629237,246714584
1,NDI-MF2 s/n:3BAA9000,20166,Port:10,0,Enabled,0.242248,0.0395952,0.155594,0.956838,6.80016,49.9053,-123.31,0.020802,0,1685629237,271846898
1,NDI-MF2 s/n:3BAA9000,20174,Port:10,0,Enabled,0.240141,0.0413561,0.153118,0.957694,6.91699,49.9978,-123.254,0.0115058,0,1685629237,296708989
1,NDI-MF2 s/n:3BAA9000,20182,Port:10,0,Enabled,0.238902,0.0430951,0.153841,0.957811,6.99746,49.5553,-122.948,0.00720489,0,1685629237,321731957
1,NDI-MF2 s/n:3BAA9000,20190,Port:10,0,Enabled,0.238329,0.0436519,0.154359,0.957845,7.30222,49.142,-122.584,0.0218041,0,1685629237,346752244
1,NDI-MF2 s/n:3BAA9000,20198,Port:10,0,Enabled,0.237002,0.0437079,0.152267,0.958506,7.79412,49.2018,-122.508,0.0130973,0,1685629237,371748602
1,NDI-MF2 s/n:3BAA9000,20206,Port:10,0,Enabled,0.23516,0.0456285,0.151527,0.958988,7.79943,49.1831,-122.483,0.00566761,0,1685629237,396719602
1,NDI-MF2 s/n:3BAA9000,20214,Port:10,0,Enabled,0.233852,0.0483788,0.152744,0.95898,7.46392,48.8816,-122.163,0.0116203,0,1685629237,421789444
1,NDI-MF2 s/n:3BAA9000,20222,Port:10,0,Enabled,0.233211,0.0474922,0.151541,0.959371,8.04206,48.8069,-121.788,0.0182175,0,1685629237,446735470
1,NDI-MF2 s/n:3BAA9000,20230,Port:10,0,Enabled,0.231791,0.0479096,0.150184,0.959907,8.39291,48.8752,-121.664,0.0119833,0,1685629237,471714089
1,NDI-MF2 s/n:3BAA9000,20238,Port:10,0,Enabled,0.229473,0.0511848,0.149355,0.960425,8.10577,48.8811,-121.624,0.00937793,0,1685629237,496700102
1,NDI-MF2 s/n:3BAA9000,20246,Port:10,0,Enabled,0.228199,0.0531444,0.150136,0.9605,8.10428,48.5478,-121.306,0.0127076,0,1685629237,521707210
1,NDI-MF2 s/n:3BAA9000,20254,Port:10,0,Enabled,0.227788,0.0531621,0.150209,0.960585,8.4668,48.2236,-120.836,0.0307084,0,1685629237,546681513
1,NDI-MF2 s/n:3BAA9000,20262,Port:10,0,Enabled,0.226306,0.052543,0.146702,0.961511,9.04419,48.3921,-120.717,0.0192357,0,1685629237,571676631
1,NDI-MF2 s/n:3BAA9000,20270,Port:10,0,Enabled,0.224053,0.0533046,0.144646,0.962308,9.33231,48.4741,-120.799,0.0194758,0,1685629237,596722438
1,NDI-MF2 s/n:3BAA9000,20278,Port:10,0,Enabled,0.222893,0.0569395,0.147462,0.961942,8.93266,47.9118,-120.574,0.012186,0,1685629237,621653061
1,NDI-MF2 s/n:3BAA9000,20286,Port:10,0,Enabled,0.222066,0.0578016,0.147081,0.96214,9.21617,47.5403,-120.181,0.0219974,0,1685629237,646708004
1,NDI-MF2 s/n:3BAA9000,20294,Port:10,0,Enabled,0.221103,0.0568918,0.144784,0.962764,9.69786,47.5214,-119.816,0.0208915,0,1685629237,671643206
1,NDI-MF2 s/n:3BAA9000,20302,Port:10,0,Enabled,0.219056,0.0584465,0.142941,0.963414,9.70875,47.5643,-119.808,0.00735573,0,1685629237,696671863
1,NDI-MF2 s/n:3BAA9000,20310,Port:10,0,Enabled,0.217822,0.0601988,0.143897,0.963443,9.7995,47.2179,-119.562,0.00749837,0,1685629237,721639549
1,NDI-MF2 s/n:3BAA9000,20318,Port:10,0,Enabled,0.217543,0.0607185,0.144573,0.963373,10.1353,46.8781,-119.117,0.0315607,0,1685629237,746631673
1,NDI-MF2 s/n:3BAA9000,20326,Port:10,0,Enabled,0.215786,0.0610863,0.141416,0.964213,10.3243,47.0813,-119.112,0.0138804,0,1685629237,771651442
1,NDI-MF2 s/n:3BAA9000,20334,Port:10,0,Enabled,0.213709,0.06142,0.139424,0.964944,10.6337,47.1838,-119.167,0.0153624,0,1685629237,796620788
1,NDI-MF2 s/n:3BAA9000,20342,Port:10,0,Enabled,0.212656,0.0647581,0.141553,0.964648,10.2974,46.7264,-118.943,0.0129213,0,1685629237,821618380
1,NDI-MF2 s/n:3BAA9000,20350,Port:10,0,Enabled,0.211925,0.0657248,0.141258,0.964787,10.5071,46.3696,-118.553,0.0236387,0,1685629237,846603286
1,NDI-MF2 s/n:3BAA9000,20358,Port:10,0,Enabled,0.210811,0.0645384,0.13847,0.965515,11.1158,46.3528,-118.265,0.0158753,0,1685629237,871590363
1,NDI-MF2 s/n:3BAA9000,20366,Port:10,0,Enabled,0.208948,0.0657589,0.136332,0.966142,11.0776,46.417,-118.173,0.0116487,0,1685629237,896622828
1,NDI-MF2 s/n:3BAA9000,20374,Port:10,0,Enabled,0.207285,0.0678203,0.136609,0.966318,11.0223,46.1506,-118.024,0.0115812,0,1685629237,921591435
1,NDI-MF2 s/n:3BAA9000,20382,Port:10,0,Enabled,0.206773,0.0685837,0.136893,0.966334,11.3138,45.7764,-117.629,0.011837,0,1685629237,946597460
1,NDI-MF2 s/n:3BAA9000,20390,Port:10,0,Enabled,0.205493,0.0678142,0.134436,0.967006,11.7804,45.7659,-117.456,0.00836244,0,1685629237,971589664
1,NDI-MF2 s/n:3BAA9000,20398,Port:10,0,Enabled,0.204232,0.06916,0.134384,0.967185,11.7877,45.5607,-117.354,0.00557081,0,1685629237,996553011
1,NDI-MF2 s/n:3BAA9000,20406,Port:10,0,Enabled,0.203328,0.0720662,0.135576,0.966997,11.592,45.0937,-117.17,0.0160676,0,1685629238,21600556
1,NDI-MF2 s/n:3BAA9000,20414,Port:10,0,Enabled,0.202447,0.0721707,0.134007,0.967393,11.9259,44.9206,-116.8,0.0179045,0,1685629238,46597810
1,NDI-MF2 s/n:3BAA9000,20422,Port:10,0,Enabled,0.201252,0.072059,0.132105,0.967912,12.1067,45.0091,-116.548,0.0137504,0,1685629238,71577052
1,NDI-MF2 s/n:3BAA9000,20430,Port:10,0,Enabled,0.198915,0.0731647,0.129461,0.968669,12.1681,45.0739,-116.625,0.0237381,0,1685629238,96549250
1,NDI-MF2 s/n:3BAA9000,20438,Port:10,0,Enabled,0.197482,0.074675,0.129843,0.968796,12.204,44.7531,-116.41,0.0187237,0,1685629238,121556395
1,NDI-MF2 s/n:3BAA9000,20446,Port:10,0,Enabled,0.197456,0.0754603,0.131019,0.968582,12.4025,44.3055,-115.808,0.0214325,0,1685629238,146568188
1,NDI-MF2 s/n:3BAA9000,20454,Port:10,0,Enabled,0.196427,0.0749076,0.128512,0.96917,12.8359,44.3093,-115.568,0.0215165,0,1685629238,171520686
1,NDI-MF2 s/n:3BAA9000,20462,Port:10,0,Enabled,0.194516,0.0747098,0.126635,0.969817,13.1083,44.3759,-115.575,0.0116797,0,1685629238,196521669
1,NDI-MF2 s/n:3BAA9000,20470,Port:10,0,Enabled,0.19341,0.0771125,0.127676,0.969714,12.8914,44.0359,-115.432,0.0157872,0,1685629238,221549612
1,NDI-MF2 s/n:3BAA9000,20478,Port:10,0,Enabled,0.192681,0.0786988,0.127835,0.969711,12.9935,43.6227,-115.083,0.0153937,0,1685629238,246487279
1,NDI-MF2 s/n:3BAA9000,20486,Port:10,0,Enabled,0.191655,0.078351,0.126058,0.970175,13.4082,43.4786,-114.759,0.0143396,0,1685629238,271516261
1,NDI-MF2 s/n:3BAA9000,20494,Port:10,0,Enabled,0.190037,0.0785412,0.123403,0.970819,13.5573,43.5202,-114.649,0.0108645,0,1685629238,296519466
1,NDI-MF2 s/n:3BAA9000,20502,Port:10,0,Enabled,0.188828,0.0800333,0.123395,0.970934,13.6007,43.1905,-114.478,0.01397,0,1685629238,321483267
1,NDI-MF2 s/n:3BAA9000,20510,Port:10,0,Enabled,0.18818,0.0808327,0.123276,0.971009,13.8665,42.8378,-114.189,0.0058221,0,1685629238,346487220
1,NDI-MF2 s/n:3BAA9000,20518,Port:10,0,Enabled,0.187171,0.0807423,0.121666,0.971414,14.1018,42.7772,-113.915,0.00782902,0,1685629238,371526286
1,NDI-MF2 s/n:3BAA9000,20526,Port:10,0,Enabled,0.186023,0.0815606,0.121222,0.971622,14.1299,42.6207,-113.773,0.00736788,0,1685629238,396530375
1,NDI-MF2 s/n:3BAA9000,20534,Port:10,0,Enabled,0.185113,0.0827391,0.12048,0.971788,14.2632,42.3566,-113.609,0.0118484,0,1685629238,421499758
1,NDI-MF2 s/n:3BAA9000,20542,Port:10,0,Enabled,0.18431,0.0830454,0.11985,0.971992,14.5005,42.0476,-113.273,0.0100542,0,1685629238,446501051
1,NDI-MF2 s/n:3BAA9000,20550,Port:10,0,Enabled,0.183138,0.082964,0.118228,0.97242,14.7105,41.8814,-113.005,0.0039472,0,1685629238,471477052
1,NDI-MF2 s/n:3BAA9000,20558,Port:10,0,Enabled,0.181656,0.0838596,0.116872,0.972784,14.7281,41.8148,-112.931,0.0139172,0,1685629238,496484534
1,NDI-MF2 s/n:3BAA9000,20566,Port:10,0,Enabled,0.180396,0.0849717,0.116468,0.972971,14.7693,41.6012,-112.761,0.0199041,0,1685629238,521538043
1,NDI-MF2 s/n:3BAA9000,20574,Port:10,0,Enabled,0.179791,0.085714,0.116199,0.97305,14.8614,41.3288,-112.362,0.007935,0,1685629238,546519044
1,NDI-MF2 s/n:3BAA9000,20582,Port:10,0,Enabled,0.178395,0.0853679,0.113936,0.973605,15.0831,41.282,-112.16,0.00326778,0,1685629238,570535793
1,NDI-MF2 s/n:3BAA9000,20590,Port:10,0,Enabled,0.176873,0.0853137,0.112764,0.974024,15.3262,41.1955,-112.012,0.0167333,0,1685629238,595553656
1,NDI-MF2 s/n:3BAA9000,20598,Port:10,0,Enabled,0.176137,0.0871272,0.112936,0.973977,15.2482,40.8992,-111.786,0.0187001,0,1685629238,620566447
1,NDI-MF2 s/n:3BAA9000,20606,Port:10,0,Enabled,0.175315,0.0881233,0.112492,0.974087,15.3339,40.6202,-111.476,0.00780348,0,1685629238,645519679
1,NDI-MF2 s/n:3BAA9000,20614,Port:10,0,Enabled,0.174243,0.0879945,0.111571,0.974396,15.5684,40.4639,-111.142,0.0079779,0,1685629238,670577120
1,NDI-MF2 s/n:3BAA9000,20622,Port:10,0,Enabled,0.172914,0.0882672,0.10952,0.974841,15.658,40.3998,-111.011,0.0139526,0,1685629238,695544613
1,NDI-MF2 s/n:3BAA9000,20630,Port:10,0,Enabled,0.171872,0.0895978,0.108993,0.974963,15.6308,40.0909,-110.835,0.0199792,0,1685629238,720582423
1,NDI-MF2 s/n:3BAA9000,20638,Port:10,0,Enabled,0.171261,0.0902089,0.108653,0.975052,15.8978,39.7726,-110.499,0.00686098,0,1685629238,745531808
1,NDI-MF2 s/n:3BAA9000,20646,Port:10,0,Enabled,0.170231,0.0901661,0.10754,0.97536,16.0829,39.62,-110.228,0.00563436,0,1685629238,770574869
1,NDI-MF2 s/n:3BAA9000,20654,Port:10,0,Enabled,0.1689,0.0901794,0.105735,0.975787,16.1983,39.5499,-110.115,0.0116069,0,1685629238,795538382
1,NDI-MF2 s/n:3BAA9000,20662,Port:10,0,Enabled,0.168113,0.0914705,0.104913,0.975892,16.2254,39.2796,-109.977,0.0166509,0,1685629238,820451559
1,NDI-MF2 s/n:3BAA9000,20670,Port:10,0,Enabled,0.16714,0.0919702,0.104424,0.976064,16.4467,38.8926,-109.746,0.0101808,0,1685629238,845448302
1,NDI-MF2 s/n:3BAA9000,20678,Port:10,0,Enabled,0.166442,0.092176,0.104029,0.976206,16.6199,38.6807,-109.346,0.00865795,0,1685629238,870502410
1,NDI-MF2 s/n:3BAA9000,20686,Port:10,0,Enabled,0.165499,0.0927435,0.102156,0.976511,16.6378,38.6166,-109.228,0.0091961,0,1685629238,895427825
1,NDI-MF2 s/n:3BAA9000,20694,Port:10,0,Enabled,0.164271,0.0928985,0.10041,0.976884,16.7942,38.4834,-109.139,0.022685,0,1685629238,920494982
1,NDI-MF2 s/n:3BAA9000,20702,Port:10,0,Enabled,0.163776,0.0936416,0.100551,0.976882,16.8929,38.1921,-108.815,0.0122556,0,1685629238,945469919
1,NDI-MF2 s/n:3BAA9000,20710,Port:10,0,Enabled,0.162828,0.0943699,0.100226,0.977004,16.8624,37.9308,-108.593,0.0109116,0,1685629238,970423378
1,NDI-MF2 s/n:3BAA9000,20718,Port:10,0,Enabled,0.1616,0.0941953,0.0988485,0.977365,17.0083,37.745,-108.359,0.0119474,0,1685629238,995442435
1,NDI-MF2 s/n:3BAA9000,20726,Port:10,0,Enabled,0.160981,0.0950587,0.0977453,0.977494,17.0166,37.577,-108.124,0.0173016,0,1685629239,20388197
1,NDI-MF2 s/n:3BAA9000,20734,Port:10,0,Enabled,0.159864,0.0955598,0.0967463,0.977728,17.0789,37.3702,-107.887,0.0164231,0,1685629239,45428760
1,NDI-MF2 s/n:3BAA9000,20742,Port:10,0,Enabled,0.158836,0.0956417,0.0958616,0.977975,17.2235,37.1805,-107.533,0.00629996,0,1685629239,70467152
1,NDI-MF2 s/n:3BAA9000,20750,Port:10,0,Enabled,0.157747,0.096181,0.094676,0.978214,17.2591,37.0014,-107.348,0.0091611,0,1685629239,95391229
1,NDI-MF2 s/n:3BAA9000,20758,Port:10,0,Enabled,0.157055,0.0968736,0.0940979,0.978312,17.3915,36.662,-107.088,0.014276,0,1685629239,120429139
1,NDI-MF2 s/n:3BAA9000,20766,Port:10,0,Enabled,0.156397,0.0975107,0.093014,0.978458,17.5225,36.4244,-106.899,0.013795,0,1685629239,145459478
1,NDI-MF2 s/n:3BAA9000,20774,Port:10,0,Enabled,0.155064,0.0972644,0.0915889,0.978829,17.7229,36.2477,-106.78,0.0185042,0,1685629239,170364058
1,NDI-MF2 s/n:3BAA9000,20782,Port:10,0,Enabled,0.154088,0.0974889,0.0906246,0.979051,17.8774,35.9549,-106.606,0.0162052,0,1685629239,195372948
1,NDI-MF2 s/n:3BAA9000,20790,Port:10,0,Enabled,0.153704,0.098188,0.0892212,0.97917,17.9528,35.7534,-106.437,0.0153712,0,1685629239,220370449
1,NDI-MF2 s/n:3BAA9000,20798,Port:10,0,Enabled,0.152844,0.0984246,0.0884152,0.979354,18.0352,35.5122,-106.234,0.0148061,0,1685629239,245347273
1,NDI-MF2 s/n:3BAA9000,20806,Port:10,0,Enabled,0.152064,0.0987379,0.0883054,0.979454,18.1252,35.258,-105.923,0.0150557,0,1685629239,270386283
1,NDI-MF2 s/n:3BAA9000,20814,Port:10,0,Enabled,0.151372,0.0991245,0.0868679,0.97965,18.2363,35.1472,-105.749,0.0108022,0,1685629239,295371883
1,NDI-MF2 s/n:3BAA9000,20822,Port:10,0,Enabled,0.150633,0.0992198,0.0856094,0.979865,18.3248,34.9292,-105.526,0.0144356,0,1685629239,320362747
1,NDI-MF2 s/n:3BAA9000,20830,Port:10,0,Enabled,0.150051,0.0993178,0.0844021,0.980049,18.4512,34.7593,-105.286,0.0153859,0,1685629239,345324614
1,NDI-MF2 s/n:3BAA9000,20838,Port:10,0,Enabled,0.148943,0.0993019,0.0838009,0.980272,18.5401,34.5056,-105.09,0.0191075,0,1685629239,370345197
1,NDI-MF2 s/n:3BAA9000,20846,Port:10,0,Enabled,0.1484,0.0996876,0.0832348,0.980364,18.5676,34.2327,-104.775,0.00438133,0,1685629239,395318159
1,NDI-MF2 s/n:3BAA9000,20854,Port:10,0,Enabled,0.148027,0.100114,0.0820049,0.98048,18.5835,33.9994,-104.536,0.00513381,0,1685629239,420310000
1,NDI-MF2 s/n:3BAA9000,20862,Port:10,0,Enabled,0.147128,0.100166,0.0813426,0.980665,18.7036,33.6282,-104.307,0.0165802,0,1685629239,445346285
1,NDI-MF2 s/n:3BAA9000,20870,Port:10,0,Enabled,0.146326,0.100241,0.0806386,0.980835,18.8374,33.412,-104.041,0.0198304,0,1685629239,470301760
1,NDI-MF2 s/n:3BAA9000,20878,Port:10,0,Enabled,0.145712,0.101093,0.0797784,0.98091,18.7364,33.3021,-103.821,0.0128072,0,1685629239,495321892
1,NDI-MF2 s/n:3BAA9000,20886,Port:10,0,Enabled,0.144874,0.101234,0.0785122,0.981121,18.744,33.1644,-103.583,0.0124594,0,1685629239,520285158
1,NDI-MF2 s/n:3BAA9000,20894,Port:10,0,Enabled,0.144321,0.101491,0.077377,0.981266,18.7475,33.0208,-103.273,0.0161486,0,1685629239,545324508
1,NDI-MF2 s/n:3BAA9000,20902,Port:10,0,Enabled,0.143135,0.101547,0.0761458,0.981531,18.811,32.9147,-103.151,0.0155315,0,1685629239,570319094
1,NDI-MF2 s/n:3BAA9000,20910,Port:10,0,Enabled,0.141749,0.101476,0.075279,0.981806,18.9024,32.764,-103.005,0.0170058,0,1685629239,595266979
1,NDI-MF2 s/n:3BAA9000,20918,Port:10,0,Enabled,0.141133,0.102246,0.0743973,0.981882,18.8845,32.5083,-102.729,0.0176441,0,1685629239,620257253
1,NDI-MF2 s/n:3BAA9000,20926,Port:10,0,Enabled,0.140515,0.102766,0.0734903,0.981985,18.9422,32.1564,-102.43,0.0195218,0,1685629239,645252535
1,NDI-MF2 s/n:3BAA9000,20934,Port:10,0,Enabled,0.139879,0.103023,0.0726142,0.982114,19.0812,31.8006,-102.111,0.0111895,0,1685629239,670338341
1,NDI-MF2 s/n:3BAA9000,20942,Port:10,0,Enabled,0.139086,0.10313,0.0709912,0.982334,19.1764,31.5708,-101.962,0.00537637,0,1685629239,695270877
1,NDI-MF2 s/n:3BAA9000,20950,Port:10,0,Enabled,0.138309,0.102968,0.0700598,0.982528,19.3227,31.2271,-101.71,0.00965532,0,1685629239,720240895
1,NDI-MF2 s/n:3BAA9000,20958,Port:10,0,Enabled,0.137887,0.10324,0.0691491,0.982623,19.4171,30.9364,-101.478,0.0214258,0,1685629239,745294638
1,NDI-MF2 s/n:3BAA9000,20966,Port:10,0,Enabled,0.137147,0.103513,0.0687855,0.982723,19.4831,30.6945,-101.281,0.0242005,0,1685629239,770230256
1,NDI-MF2 s/n:3BAA9000,20974,Port:10,0,Enabled,0.136732,0.103863,0.068561,0.98276,19.4718,30.3911,-100.977,0.0198934,0,1685629239,795238599
1,NDI-MF2 s/n:3BAA9000,20982,Port:10,0,Enabled,0.136628,0.10394,0.0664285,0.982912,19.5094,30.3381,-100.76,0.00908822,0,1685629239,820212689
1,NDI-MF2 s/n:3BAA9000,20990,Port:10,0,Enabled,0.135717,0.103623,0.0653177,0.983146,19.5972,30.1846,-100.594,0.0134989,0,1685629239,845337690
1,NDI-MF2 s/n:3BAA9000,20998,Port:10,0,Enabled,0.134962,0.103845,0.0650588,0.983244,19.5962,29.9881,-100.374,0.020761,0,1685629239,870234300
1,NDI-MF2 s/n:3BAA9000,21006,Port:10,0,Enabled,0.1343,0.104228,0.0642881,0.983345,19.5872,29.8163,-100.157,0.0112656,0,1685629239,895230227
1,NDI-MF2 s/n:3BAA9000,21014,Port:10,0,Enabled,0.133694,0.104229,0.0633143,0.98349,19.6175,29.5455,-99.819,0.00835835,0,1685629239,920221342
1,NDI-MF2 s/n:3BAA9000,21022,Port:10,0,Enabled,0.13332,0.104153,0.0618016,0.983645,19.6666,29.3681,-99.5242,0.0100606,0,1685629239,945189275
1,NDI-MF2 s/n:3BAA9000,21030,Port:10,0,Enabled,0.132258,0.103957,0.060951,0.983863,19.7647,29.0719,-99.3731,0.0185984,0,1685629239,970215492
1,NDI-MF2 s/n:3BAA9000,21038,Port:10,0,Enabled,0.131631,0.104331,0.0606996,0.983923,19.8256,28.6844,-99.1163,0.0139258,0,1685629239,995174030
1,NDI-MF2 s/n:3BAA9000,21046,Port:10,0,Enabled,0.13136,0.104656,0.059107,0.984022,19.8588,28.5615,-98.9103,0.0078246,0,1685629240,20176239
1,NDI-MF2 s/n:3BAA9000,21054,Port:10,0,Enabled,0.130676,0.104514,0.0581179,0.984187,19.8969,28.396,-98.6881,0.0150604,0,1685629240,45218619
1,NDI-MF2 s/n:3BAA9000,21062,Port:10,0,Enabled,0.129958,0.104685,0.0577695,0.984284,19.9189,28.0861,-98.4696,0.0259985,0,1685629240,70210647
1,NDI-MF2 s/n:3BAA9000,21070,Port:10,0,Enabled,0.12971,0.105326,0.0570857,0.984288,19.9137,27.7772,-98.2307,0.0160077,0,1685629240,95170447
1,NDI-MF2 s/n:3BAA9000,21078,Port:10,0,Enabled,0.129339,0.105042,0.0553102,0.984469,20.0104,27.5114,-97.9819,0.0126356,0,1685629240,119233363
1,NDI-MF2 s/n:3BAA9000,21086,Port:10,0,Enabled,0.129061,0.104634,0.0534339,0.984652,20.0326,27.3922,-97.8344,0.0215354,0,1685629240,144250057
1,NDI-MF2 s/n:3BAA9000,21094,Port:10,0,Enabled,0.128216,0.10455,0.0531217,0.984788,20.0197,27.1866,-97.6834,0.0233466,0,1685629240,169208269
1,NDI-MF2 s/n:3BAA9000,21102,Port:10,0,Enabled,0.127858,0.105043,0.0533858,0.984768,19.8802,26.9027,-97.3154,0.0179933,0,1685629240,194204542
1,NDI-MF2 s/n:3BAA9000,21110,Port:10,0,Enabled,0.127651,0.10485,0.0516247,0.984909,19.8843,26.8224,-97.0534,0.00823536,0,1685629240,219216553
1,NDI-MF2 s/n:3BAA9000,21118,Port:10,0,Enabled,0.127049,0.104469,0.0508157,0.98507,19.9133,26.5632,-96.7788,0.0165796,0,1685629240,244183727
1,NDI-MF2 s/n:3BAA9000,21126,Port:10,0,Enabled,0.126679,0.104941,0.0508733,0.985064,19.8754,26.1601,-96.5101,0.0281049,0,1685629240,269237583
1,NDI-MF2 s/n:3BAA9000,21134,Port:10,0,Enabled,0.126409,0.105294,0.0496796,0.985123,19.8547,25.9924,-96.3028,0.0148445,0,1685629240,294278302
1,NDI-MF2 s/n:3BAA9000,21142,Port:10,0,Enabled,0.125911,0.105043,0.0483507,0.985279,19.8511,25.8259,-96.0512,0.0122569,0,1685629240,319236864
1,NDI-MF2 s/n:3BAA9000,21150,Port:10,0,Enabled,0.125374,0.104505,0.0470472,0.985468,19.9361,25.6681,-95.8445,0.0173297,0,1685629240,344200222
1,NDI-MF2 s/n:3BAA9000,21158,Port:10,0,Enabled,0.124837,0.104578,0.0465174,0.985553,19.9355,25.3888,-95.6604,0.0378024,0,1685629240,369168109
1,NDI-MF2 s/n:3BAA9000,21166,Port:10,0,Enabled,0.124636,0.105059,0.0457844,0.985562,19.9183,25.1072,-95.4472,0.0321346,0,1685629240,394184053
1,NDI-MF2 s/n:3BAA9000,21174,Port:10,0,Enabled,0.124234,0.104926,0.0439395,0.985711,19.9527,24.9955,-95.2537,0.00797548,0,1685629240,419167182
1,NDI-MF2 s/n:3BAA9000,21182,Port:10,0,Enabled,0.123607,0.104574,0.043194,0.98586,19.9993,24.7953,-94.9573,0.00963555,0,1685629240,444157519
1,NDI-MF2 s/n:3BAA9000,21190,Port:10,0,Enabled,0.123009,0.104304,0.0427908,0.985981,20.0483,24.4912,-94.7182,0.0289785,0,1685629240,469144418
1,NDI-MF2 s/n:3BAA9000,21198,Port:10,0,Enabled,0.122847,0.104864,0.0419052,0.98598,20.0001,24.2338,-94.484,0.0107873,0,1685629240,494121765
1,NDI-MF2 s/n:3BAA9000,21206,Port:10,0,Enabled,0.122337,0.104519,0.0405134,0.986138,20.0705,24.0158,-94.2514,0.00924287,0,1685629240,519190785
1,NDI-MF2 s/n:3BAA9000,21214,Port:10,0,Enabled,0.121967,0.10414,0.0393743,0.986271,20.1199,23.7891,-94.0661,0.0117633,0,1685629240,544128205
1,NDI-MF2 s/n:3BAA9000,21222,Port:10,0,Enabled,0.121222,0.104129,0.0395338,0.986357,20.1653,23.4191,-93.8736,0.0182002,0,1685629240,569158959
1,NDI-MF2 s/n:3BAA9000,21230,Port:10,0,Enabled,0.121185,0.104695,0.0394217,0.986306,20.0528,23.0746,-93.5098,0.0158364,0,1685629240,594146214
1,NDI-MF2 s/n:3BAA9000,21238,Port:10,0,Enabled,0.121084,0.104402,0.0374244,0.986427,20.0958,22.9435,-93.2799,0.0182033,0,1685629240,619143782
1,NDI-MF2 s/n:3BAA9000,21246,Port:10,0,Enabled,0.120695,0.103791,0.0366254,0.986569,20.0975,22.6747,-93.0867,0.0202422,0,1685629240,644140651
1,NDI-MF2 s/n:3BAA9000,21254,Port:10,0,Enabled,0.12054,0.103961,0.0361639,0.986587,19.9863,22.3947,-92.9115,0.031788,0,1685629240,669150198
1,NDI-MF2 s/n:3BAA9000,21262,Port:10,0,Enabled,0.120231,0.104129,0.0351946,0.986643,19.8764,22.2517,-92.6646,0.0115017,0,1685629240,694098474
1,NDI-MF2 s/n:3BAA9000,21270,Port:10,0,Enabled,0.119977,0.103799,0.0338503,0.986755,19.8479,22.153,-92.3698,0.0148487,0,1685629240,719215893
1,NDI-MF2 s/n:3BAA9000,21278,Port:10,0,Enabled,0.119435,0.103071,0.0326338,0.986938,19.8999,22.027,-92.2787,0.0185755,0,1685629240,744146764
1,NDI-MF2 s/n:3BAA9000,21286,Port:10,0,Enabled,0.118979,0.103467,0.033088,0.986937,19.7518,21.7359,-92.0217,0.0214574,0,1685629240,769205294
1,NDI-MF2 s/n:3BAA9000,21294,Port:10,0,Enabled,0.118837,0.103769,0.0324689,0.986943,19.6715,21.5194,-91.6867,0.0146966,0,1685629240,794086431
1,NDI-MF2 s/n:3BAA9000,21302,Port:10,0,Enabled,0.118612,0.103244,0.0304076,0.987091,19.7511,21.4514,-91.4641,0.0184638,0,1685629240,819085996
1,NDI-MF2 s/n:3BAA9000,21310,Port:10,0,Enabled,0.118168,0.102663,0.0296364,0.987228,19.7525,21.2452,-91.2963,0.0222328,0,1685629240,844063607
1,NDI-MF2 s/n:3BAA9000,21318,Port:10,0,Enabled,0.117851,0.102946,0.0294085,0.987243,19.6483,20.9638,-91.0941,0.0267326,0,1685629240,869054007
1,NDI-MF2 s/n:3BAA9000,21326,Port:10,0,Enabled,0.117572,0.103258,0.0283577,0.987275,19.5998,20.7274,-90.8097,0.0141709,0,1685629240,894048169
1,NDI-MF2 s/n:3BAA9000,21334,Port:10,0,Enabled,0.117058,0.102524,0.0267085,0.987458,19.7429,20.4391,-90.5295,0.025413,0,1685629240,919084934
1,NDI-MF2 s/n:3BAA9000,21342,Port:10,0,Enabled,0.116922,0.101811,0.0252895,0.987585,19.8146,20.236,-90.365,0.0156512,0,1685629240,944022739
1,NDI-MF2 s/n:3BAA9000,21350,Port:10,0,Enabled,0.1167,0.101976,0.0254696,0.98759,19.6935,19.8985,-90.1989,0.0326946,0,1685629240,969060155
1,NDI-MF2 s/n:3BAA9000,21358,Port:10,0,Enabled,0.116747,0.102543,0.0251899,0.987533,19.5663,19.6108,-89.898,0.0191691,0,1685629240,994025942
1,NDI-MF2 s/n:3BAA9000,21366,Port:10,0,Enabled,0.116518,0.101983,0.0233244,0.987663,19.5907,19.4484,-89.6776,0.014685,0,1685629241,19017189
1,NDI-MF2 s/n:3BAA9000,21374,Port:10,0,Enabled,0.116325,0.101256,0.0223404,0.987784,19.5645,19.2068,-89.4551,0.0149964,0,1685629241,44016536
1,NDI-MF2 s/n:3BAA9000,21382,Port:10,0,Enabled,0.116246,0.10113,0.0220562,0.987812,19.4513,18.98,-89.3074,0.0293683,0,1685629241,69088473
1,NDI-MF2 s/n:3BAA9000,21390,Port:10,0,Enabled,0.115953,0.101366,0.0216829,0.987831,19.3434,18.6725,-89.001,0.0136175,0,1685629241,93990119
1,NDI-MF2 s/n:3BAA9000,21398,Port:10,0,Enabled,0.115886,0.100977,0.0202135,0.987909,19.2562,18.5807,-88.7155,0.014917,0,1685629241,119016267
1,NDI-MF2 s/n:3BAA9000,21406,Port:10,0,Enabled,0.115553,0.100183,0.0189063,0.988056,19.2083,18.5031,-88.5829,0.0165176,0,1685629241,143991749
1,NDI-MF2 s/n:3BAA9000,21414,Port:10,0,Enabled,0.115201,0.10028,0.019079,0.988084,19.0688,18.2308,-88.2785,0.0173492,0,1685629241,169015234
1,NDI-MF2 s/n:3BAA9000,21422,Port:10,0,Enabled,0.115143,0.100673,0.0188807,0.988054,18.8904,17.963,-87.8972,0.0142064,0,1685629241,193983367
1,NDI-MF2 s/n:3BAA9000,21430,Port:10,0,Enabled,0.115081,0.100172,0.0167424,0.988151,18.9434,17.9058,-87.6781,0.0173657,0,1685629241,219068569
1,NDI-MF2 s/n:3BAA9000,21438,Port:10,0,Enabled,0.114752,0.09942,0.0157381,0.988281,19.0194,17.6556,-87.5573,0.0137255,0,1685629241,243993546
1,NDI-MF2 s/n:3BAA9000,21446,Port:10,0,Enabled,0.114649,0.0993026,0.0154946,0.988309,18.9976,17.3713,-87.4121,0.0234293,0,1685629241,268976043
1,NDI-MF2 s/n:3BAA9000,21454,Port:10,0,Enabled,0.114355,0.0996258,0.0152361,0.988314,18.9016,17.1028,-87.1364,0.0104877,0,1685629241,293969552
1,NDI-MF2 s/n:3BAA9000,21462,Port:10,0,Enabled,0.114285,0.0992705,0.0138942,0.988378,18.8646,16.9151,-86.8317,0.0181914,0,1685629241,319013599
1,NDI-MF2 s/n:3BAA9000,21470,Port:10,0,Enabled,0.114196,0.0982925,0.0122105,0.988508,18.9218,16.75,-86.7432,0.0152428,0,1685629241,343942561
1,NDI-MF2 s/n:3BAA9000,21478,Port:10,0,Enabled,0.114066,0.0984033,0.0125439,0.988509,18.8267,16.3904,-86.5339,0.0190556,0,1685629241,368985891
1,NDI-MF2 s/n:3BAA9000,21486,Port:10,0,Enabled,0.114207,0.0986688,0.0121521,0.98847,18.7117,16.0808,-86.1915,0.0148795,0,1685629241,393910675
1,NDI-MF2 s/n:3BAA9000,21494,Port:10,0,Enabled,0.114157,0.0981084,0.0100285,0.988556,18.6688,15.9767,-85.9774,0.0218674,0,1685629241,418938777
1,NDI-MF2 s/n:3BAA9000,21502,Port:10,0,Enabled,0.113858,0.0971251,0.0093786,0.988694,18.6434,15.7596,-85.7994,0.0148234,0,1685629241,443906988
1,NDI-MF2 s/n:3BAA9000,21510,Port:10,0,Enabled,0.114029,0.0971456,0.00976089,0.988669,18.4186,15.5338,-85.5856,0.0246792,0,1685629241,468944320
1,NDI-MF2 s/n:3BAA9000,21518,Port:10,0,Enabled,0.113991,0.0973507,0.0089027,0.988661,18.232,15.3871,-85.2784,0.0122405,0,1685629241,493903157
1,NDI-MF2 s/n:3BAA9000,21526,Port:10,0,Enabled,0.113791,0.0968934,0.00763229,0.988739,18.0968,15.2497,-84.9873,0.0220604,0,1685629241,518894514
1,NDI-MF2 s/n:3BAA9000,21534,Port:10,0,Enabled,0.113529,0.0957868,0.00644293,0.988886,18.1214,15.1037,-84.8449,0.015954,0,1685629241,543885137
1,NDI-MF2 s/n:3BAA9000,21542,Port:10,0,Enabled,0.113528,0.0959596,0.00687728,0.988866,17.988,14.7608,-84.5609,0.0178724,0,1685629241,568918070
1,NDI-MF2 s/n:3BAA9000,21550,Port:10,0,Enabled,0.113862,0.0964131,0.00641871,0.988787,17.826,14.5384,-84.2041,0.0161388,0,1685629241,593876264
1,NDI-MF2 s/n:3BAA9000,21558,Port:10,0,Enabled,0.113663,0.0956301,0.00423951,0.988897,17.8321,14.4671,-84.029,0.0197599,0,1685629241,618902729
1,NDI-MF2 s/n:3BAA9000,21566,Port:10,0,Enabled,0.113587,0.0948275,0.00346412,0.988986,17.8093,14.2221,-83.8485,0.0159568,0,1685629241,643876762
1,NDI-MF2 s/n:3BAA9000,21574,Port:10,0,Enabled,0.11363,0.0946567,0.00380544,0.988997,17.6954,13.8719,-83.6667,0.0241498,0,1685629241,668053000
1,NDI-MF2 s/n:3BAA9000,21582,Port:10,0,Enabled,0.113597,0.0950882,0.00307276,0.988961,17.5515,13.6287,-83.3387,0.0137613,0,1685629241,692906962
1,NDI-MF2 s/n:3BAA9000,21590,Port:10,0,Enabled,0.113572,0.0946672,0.00143431,0.989009,17.4699,13.5255,-83.0866,0.0237163,0,1685629241,717905115
1,NDI-MF2 s/n:3BAA9000,21598,Port:10,0,Enabled,0.113334,0.093498,0.000430779,0.989148,17.4178,13.3955,-83.0052,0.0151568,0,1685629241,742943658
1,NDI-MF2 s/n:3BAA9000,21606,Port:10,0,Enabled,0.113303,0.0934186,0.00101836,0.989159,17.2708,13.1068,-82.7271,0.0181676,0,1685629241,767913410
1,NDI-MF2 s/n:3BAA9000,21614,Port:10,0,Enabled,0.113716,0.0938441,0.000434702,0.989071,17.0534,13.0301,-82.4261,0.0143034,0,1685629241,792936764
1,NDI-MF2 s/n:3BAA9000,21622,Port:10,0,Enabled,0.113343,0.0927161,-0.00180734,0.989219,17.0799,12.9863,-82.3301,0.020271,0,1685629241,817880229
1,NDI-MF2 s/n:3BAA9000,21630,Port:10,0,Enabled,0.113155,0.0917854,-0.00216878,0.989327,17.0034,12.7193,-82.1326,0.0139417,0,1685629241,842918736
1,NDI-MF2 s/n:3BAA9000,21638,Port:10,0,Enabled,0.113599,0.0920094,-0.00157145,0.989256,16.8428,12.3932,-81.8418,0.0207247,0,1685629241,867902928
1,NDI-MF2 s/n:3BAA9000,21646,Port:10,0,Enabled,0.113851,0.0924407,-0.00207239,0.989185,16.7345,12.0731,-81.5065,0.0147319,0,1685629241,893023286
1,NDI-MF2 s/n:3BAA9000,21654,Port:10,0,Enabled,0.113891,0.0917935,-0.00378497,0.989236,16.746,11.895,-81.3226,0.0221891,0,1685629241,917861945
1,NDI-MF2 s/n:3BAA9000,21662,Port:10,0,Enabled,0.113845,0.0905395,-0.00461673,0.989354,16.776,11.6776,-81.2835,0.0162203,0,1685629241,942948549
1,NDI-MF2 s/n:3BAA9000,21670,Port:10,0,Enabled,0.114148,0.0906233,-0.00420085,0.989313,16.6263,11.3676,-81.0055,0.0176504,0,1685629241,968059142
1,NDI-MF2 s/n:3BAA9000,21678,Port:10,0,Enabled,0.114729,0.0910275,-0.00467542,0.989207,16.4182,11.2088,-80.6783,0.0121727,0,1685629241,992858819
1,NDI-MF2 s/n:3BAA9000,21686,Port:10,0,Enabled,0.11445,0.0900597,-0.00669968,0.989316,16.4174,11.0984,-80.5215,0.0251689,0,1685629242,17870710
1,NDI-MF2 s/n:3BAA9000,21694,Port:10,0,Enabled,0.114529,0.0890522,-0.0071963,0.989394,16.3336,10.8835,-80.323,0.0190543,0,1685629242,42878227
1,NDI-MF2 s/n:3BAA9000,21702,Port:10,0,Enabled,0.115193,0.089023,-0.00709881,0.989321,16.1374,10.7345,-80.119,0.020782,0,1685629242,67850962
1,NDI-MF2 s/n:3BAA9000,21710,Port:10,0,Enabled,0.115277,0.0893437,-0.0076638,0.989278,15.9352,10.5131,-79.7858,0.0166635,0,1685629242,92932076
1,NDI-MF2 s/n:3BAA9000,21718,Port:10,0,Enabled,0.115223,0.0887168,-0.00885635,0.98933,15.8306,10.3135,-79.5428,0.0250802,0,1685629242,117876427
1,NDI-MF2 s/n:3BAA9000,21726,Port:10,0,Enabled,0.115321,0.0874131,-0.00990281,0.989425,15.794,10.1844,-79.4929,0.0198702,0,1685629242,142827110
1,NDI-MF2 s/n:3BAA9000,21734,Port:10,0,Enabled,0.115577,0.0872739,-0.0094761,0.989412,15.5925,9.85668,-79.2081,0.0177294,0,1685629242,167862045
1,NDI-MF2 s/n:3BAA9000,21742,Port:10,0,Enabled,0.11611,0.0875899,-0.00971072,0.989319,15.3253,9.62193,-78.8057,0.0117731,0,1685629242,192866715
1,NDI-MF2 s/n:3BAA9000,21750,Port:10,0,Enabled,0.11596,0.0867709,-0.0113366,0.989392,15.2795,9.43528,-78.5935,0.0223677,0,1685629242,217857254
1,NDI-MF2 s/n:3BAA9000,21758,Port:10,0,Enabled,0.116285,0.0859106,-0.0121377,0.989419,15.235,9.22948,-78.4331,0.0208355,0,1685629242,242877708
1,NDI-MF2 s/n:3BAA9000,21766,Port:10,0,Enabled,0.116803,0.0856235,-0.0119785,0.989385,15.1221,8.99398,-78.2795,0.0191312,0,1685629242,267812977
1,NDI-MF2 s/n:3BAA9000,21774,Port:10,0,Enabled,0.116889,0.0858201,-0.0125051,0.989351,14.9528,8.78189,-77.9719,0.0159907,0,1685629242,292794967
1,NDI-MF2 s/n:3BAA9000,21782,Port:10,0,Enabled,0.116922,0.0853712,-0.0135519,0.989372,14.858,8.6614,-77.7467,0.0227638,0,1685629242,317824721
1,NDI-MF2 s/n:3BAA9000,21790,Port:10,0,Enabled,0.116932,0.0842543,-0.0143777,0.989455,14.8335,8.65099,-77.7255,0.01893,0,1685629242,342805298
1,NDI-MF2 s/n:3BAA9000,21798,Port:10,0,Enabled,0.117135,0.083959,-0.0141602,0.98946,14.6395,8.49323,-77.4579,0.0158557,0,1685629242,367805641
1,NDI-MF2 s/n:3BAA9000,21806,Port:10,0,Enabled,0.117629,0.0841971,-0.0143788,0.989378,14.3448,8.30243,-77.0589,0.00991269,0,1685629242,392800489
1,NDI-MF2 s/n:3BAA9000,21814,Port:10,0,Enabled,0.117434,0.0833872,-0.0161155,0.989442,14.2841,8.20212,-76.8801,0.0216925,0,1685629242,417799213
1,NDI-MF2 s/n:3BAA9000,21822,Port:10,0,Enabled,0.117578,0.0823819,-0.0168257,0.989498,14.1853,8.0544,-76.7459,0.0194159,0,1685629242,442772120
1,NDI-MF2 s/n:3BAA9000,21830,Port:10,0,Enabled,0.118165,0.081981,-0.0167793,0.989462,13.9792,7.92318,-76.599,0.0182197,0,1685629242,467793611
1,NDI-MF2 s/n:3BAA9000,21838,Port:10,0,Enabled,0.118028,0.082168,-0.0169488,0.98946,13.7541,7.67371,-76.2424,0.010387,0,1685629242,492809284
1,NDI-MF2 s/n:3BAA9000,21846,Port:10,0,Enabled,0.118142,0.0817876,-0.0181066,0.989457,13.6185,7.57589,-76.0031,0.0212589,0,1685629242,517772121
1,NDI-MF2 s/n:3BAA9000,21854,Port:10,0,Enabled,0.118365,0.0809999,-0.0187803,0.989483,13.5301,7.4637,-75.9221,0.0197729,0,1685629242,542810243
1,NDI-MF2 s/n:3BAA9000,21862,Port:10,0,Enabled,0.118846,0.0808685,-0.0188649,0.989434,13.3838,7.22744,-75.6465,0.0144001,0,1685629242,567715156
1,NDI-MF2 s/n:3BAA9000,21870,Port:10,0,Enabled,0.119188,0.080688,-0.0196478,0.989393,13.235,6.96792,-75.36,0.0108525,0,1685629242,592752853
1,NDI-MF2 s/n:3BAA9000,21878,Port:10,0,Enabled,0.118932,0.0798366,-0.0213053,0.989458,13.192,6.78064,-75.2294,0.0250976,0,1685629242,617734445
1,NDI-MF2 s/n:3BAA9000,21886,Port:10,0,Enabled,0.119149,0.0788547,-0.0217597,0.989501,13.1216,6.60788,-75.1012,0.0202067,0,1685629242,642775837
1,NDI-MF2 s/n:3BAA9000,21894,Port:10,0,Enabled,0.119897,0.0784853,-0.02128,0.98945,12.8888,6.43822,-74.8732,0.0192588,0,1685629242,667780755
1,NDI-MF2 s/n:3BAA9000,21902,Port:10,0,Enabled,0.120013,0.0784744,-0.0217387,0.989427,12.5968,6.26225,-74.4944,0.00908096,0,1685629242,692727764
1,NDI-MF2 s/n:3BAA9000,21910,Port:10,0,Enabled,0.120068,0.0782579,-0.0229344,0.98941,12.3413,6.13923,-74.1632,0.0227327,0,1685629242,717671147
1,NDI-MF2 s/n:3BAA9000,21918,Port:10,0,Enabled,0.120156,0.0772228,-0.0238386,0.98946,12.3247,6.02634,-74.1558,0.0224886,0,1685629242,742687177
1,NDI-MF2 s/n:3BAA9000,21926,Port:10,0,Missing,,,,,,,,,0,1685629242,772736650
1,NDI-MF2 s/n:3BAA9000,21934,Port:10,0,Enabled,0.12156,0.076759,-0.0238816,0.989323,11.9032,5.60859,-73.6355,0.0150929,0,1685629242,798695066
1,NDI-MF2 s/n:3BAA9000,21942,Port:10,0,Enabled,0.121395,0.0760641,-0.0252814,0.989362,11.9052,5.29471,-73.434,0.028946,0,1685629242,817725721
1,NDI-MF2 s/n:3BAA9000,21950,Port:10,0,Enabled,0.12167,0.0752003,-0.0259224,0.989378,11.8364,5.13137,-73.3609,0.0288945,0,1685629242,842692842
1,NDI-MF2 s/n:3BAA9000,21958,Port:10,0,Enabled,0.122399,0.0746294,-0.0255374,0.989342,11.6737,5.0863,-73.2293,0.0202049,0,1685629242,867712530
1,NDI-MF2 s/n:3BAA9000,21966,Port:10,0,Enabled,0.122647,0.0747334,-0.0257494,0.989298,11.3976,4.88059,-72.8121,0.0168247,0,1685629242,892644502
1,NDI-MF2 s/n:3BAA9000,21974,Port:10,0,Enabled,0.123028,0.0746054,-0.0267478,0.989233,11.13,4.73296,-72.5844,0.0322839,0,1685629242,917698790
1,NDI-MF2 s/n:3BAA9000,21982,Port:10,0,Enabled,0.122795,0.0734312,-0.0277043,0.989324,11.1304,4.58508,-72.6909,0.0326013,0,1685629242,942658476
1,NDI-MF2 s/n:3BAA9000,21990,Port:10,0,Enabled,0.12342,0.072837,-0.0273314,0.989301,10.8818,4.42839,-72.3966,0.0196976,0,1685629242,967628870
1,NDI-MF2 s/n:3BAA9000,21998,Port:10,0,Enabled,0.124268,0.072754,-0.0275969,0.989193,10.6194,4.30893,-71.9965,0.0137503,0,1685629242,992611646
1,NDI-MF2 s/n:3BAA9000,22006,Port:10,0,Enabled,0.124252,0.072262,-0.0289856,0.989191,10.5543,4.1864,-71.844,0.0253191,0,1685629243,17612229
1,NDI-MF2 s/n:3BAA9000,22014,Port:10,0,Enabled,0.124602,0.0715784,-0.0295988,0.989179,10.4218,4.05569,-71.7671,0.0315766,0,1685629243,42651003
1,NDI-MF2 s/n:3BAA9000,22022,Port:10,0,Enabled,0.125203,0.0707435,-0.0293418,0.989171,10.2747,3.91251,-71.5932,0.0171545,0,1685629243,67628080
1,NDI-MF2 s/n:3BAA9000,22030,Port:10,0,Enabled,0.125488,0.0705334,-0.0298094,0.989136,10.0868,3.68186,-71.1467,0.0159443,0,1685629243,92637738
1,NDI-MF2 s/n:3BAA9000,22038,Port:10,0,Enabled,0.125849,0.0703909,-0.0304923,0.989079,9.8727,3.51657,-70.8834,0.0293337,0,1685629243,116655253
1,NDI-MF2 s/n:3BAA9000,22046,Port:10,0,Missing,,,,,,,,,0,1685629243,147586209
1,NDI-MF2 s/n:3BAA9000,22054,Port:10,0,Enabled,0.126617,0.0686486,-0.0311588,0.989083,9.60358,3.2601,-70.4688,0.0165318,0,1685629243,173652235
1,NDI-MF2 s/n:3BAA9000,22062,Port:10,0,Enabled,0.127489,0.0684487,-0.0313332,0.988979,9.29582,3.10251,-70.0976,0.0136512,0,1685629243,192571772
1,NDI-MF2 s/n:3BAA9000,22070,Port:10,0,Enabled,0.127303,0.0679977,-0.0323358,0.989002,9.14762,2.97991,-69.9476,0.0208094,0,1685629243,216680049
1,NDI-MF2 s/n:3BAA9000,22078,Port:10,0,Enabled,0.127465,0.0672413,-0.0330859,0.989008,8.98129,2.80142,-69.7965,0.0218646,0,1685629243,241681169
1,NDI-MF2 s/n:3BAA9000,22086,Port:10,0,Enabled,0.128278,0.0666187,-0.0329821,0.988949,8.75739,2.64869,-69.5883,0.0146133,0,1685629243,266790324
1,NDI-MF2 s/n:3BAA9000,22094,Port:10,0,Enabled,0.128611,0.0662353,-0.0334249,0.988916,8.59665,2.52885,-69.2603,0.0127395,0,1685629243,291603898
1,NDI-MF2 s/n:3BAA9000,22102,Port:10,0,Enabled,0.128939,0.0661258,-0.0339251,0.988864,8.37329,2.53043,-69.0058,0.0227087,0,1685629243,316650250
1,NDI-MF2 s/n:3BAA9000,22110,Port:10,0,Enabled,0.129043,0.0653403,-0.0343473,0.988888,8.30145,2.4518,-69.043,0.0258011,0,1685629243,341598631
1,NDI-MF2 s/n:3BAA9000,22118,Port:10,0,Enabled,0.129714,0.06449,-0.0342334,0.98886,8.16198,2.23989,-68.8199,0.0152056,0,1685629243,366597608
1,NDI-MF2 s/n:3BAA9000,22126,Port:10,0,Enabled,0.130869,0.064062,-0.0345525,0.988724,7.92119,2.0945,-68.425,0.00932982,0,1685629243,391645403
1,NDI-MF2 s/n:3BAA9000,22134,Port:10,0,Enabled,0.131006,0.0634891,-0.0356733,0.988703,7.73909,1.95103,-68.2257,0.0182893,0,1685629243,416647558
1,NDI-MF2 s/n:3BAA9000,22142,Port:10,0,Enabled,0.131095,0.0630397,-0.0360533,0.988706,7.47199,1.83348,-68.0659,0.0243886,0,1685629243,441602889
1,NDI-MF2 s/n:3BAA9000,22150,Port:10,0,Enabled,0.131854,0.0621293,-0.0361593,0.988659,7.25422,1.71946,-67.9222,0.0168651,0,1685629243,466692461
1,NDI-MF2 s/n:3BAA9000,22158,Port:10,0,Enabled,0.132059,0.0616743,-0.0365238,0.988647,6.94244,1.63174,-67.5662,0.0112295,0,1685629243,491633563
1,NDI-MF2 s/n:3BAA9000,22166,Port:10,0,Enabled,0.132475,0.0614803,-0.0372581,0.988576,6.66195,1.64334,-67.2562,0.0204114,0,1685629243,516641913
1,NDI-MF2 s/n:3BAA9000,22174,Port:10,0,Enabled,0.132275,0.0611663,-0.0374965,0.988613,6.54672,1.54852,-67.3106,0.0268891,0,1685629243,541629151
1,NDI-MF2 s/n:3BAA9000,22182,Port:10,0,Enabled,0.132852,0.060434,-0.0375607,0.988579,6.42057,1.36695,-67.1181,0.0164096,0,1685629243,566619310
1,NDI-MF2 s/n:3BAA9000,22190,Port:10,0,Enabled,0.13409,0.0598184,-0.0380587,0.98843,6.26068,1.26859,-66.8438,0.0108457,0,1685629243,591626526
1,NDI-MF2 s/n:3BAA9000,22198,Port:10,0,Enabled,0.134128,0.0595445,-0.0390604,0.988402,6.1856,1.12745,-66.7095,0.0219488,0,1685629243,616586658
1,NDI-MF2 s/n:3BAA9000,22206,Port:10,0,Enabled,0.134434,0.0590178,-0.0391131,0.98839,5.97674,0.998242,-66.608,0.0233512,0,1685629243,641583429
1,NDI-MF2 s/n:3BAA9000,22214,Port:10,0,Enabled,0.134982,0.0581936,-0.0389295,0.988371,5.77264,0.845068,-66.4435,0.0162771,0,1685629243,666589839
1,NDI-MF2 s/n:3BAA9000,22222,Port:10,0,Enabled,0.135669,0.0577098,-0.0396521,0.988277,5.58766,0.692725,-66.0713,0.0161366,0,1685629243,691574905
1,NDI-MF2 s/n:3BAA9000,22230,Port:10,0,Enabled,0.13619,0.0573066,-0.0402957,0.988203,5.35166,0.555653,-65.7743,0.0194668,0,1685629243,716573915
1,NDI-MF2 s/n:3BAA9000,22238,Port:10,0,Enabled,0.136111,0.0569554,-0.0402696,0.988235,5.17788,0.449142,-65.7466,0.0253637,0,1685629243,741593364
1,NDI-MF2 s/n:3BAA9000,22246,Port:10,0,Enabled,0.137047,0.0561571,-0.0404849,0.988142,4.96735,0.350425,-65.5222,0.0188422,0,1685629243,766611845
1,NDI-MF2 s/n:3BAA9000,22254,Port:10,0,Enabled,0.138071,0.0554147,-0.0412375,0.988011,4.74763,0.24938,-65.2231,0.0142989,0,1685629243,791576151
1,NDI-MF2 s/n:3BAA9000,22262,Port:10,0,Enabled,0.138065,0.0551715,-0.0415267,0.988013,4.56831,0.103326,-65.0491,0.0227772,0,1685629243,816557197
1,NDI-MF2 s/n:3BAA9000,22270,Port:10,0,Enabled,0.13849,0.0544459,-0.0415794,0.987992,4.37012,-0.0569482,-64.9596,0.0219671,0,1685629243,841557717
1,NDI-MF2 s/n:3BAA9000,22278,Port:10,0,Enabled,0.139038,0.0535666,-0.0415853,0.987963,4.13844,-0.234576,-64.8103,0.0121938,0,1685629243,866529176
1,NDI-MF2 s/n:3BAA9000,22286,Port:10,0,Enabled,0.139994,0.0529167,-0.042635,0.987818,3.96882,-0.303166,-64.4375,0.0120058,0,1685629243,891528374
1,NDI-MF2 s/n:3BAA9000,22294,Port:10,0,Enabled,0.140683,0.0526304,-0.0428998,0.987724,3.77937,-0.391484,-64.1529,0.0191838,0,1685629243,916503850
1,NDI-MF2 s/n:3BAA9000,22302,Port:10,0,Enabled,0.140406,0.0525408,-0.0423905,0.98779,3.62187,-0.527864,-64.1998,0.0279062,0,1685629243,941480379
1,NDI-MF2 s/n:3BAA9000,22310,Port:10,0,Enabled,0.14107,0.0517384,-0.0423468,0.987739,3.42506,-0.637379,-64.0246,0.0215672,0,1685629243,966525317
1,NDI-MF2 s/n:3BAA9000,22318,Port:10,0,Enabled,0.142596,0.0505631,-0.0431281,0.987548,3.18553,-0.661191,-63.6977,0.0103015,0,1685629243,991492207
1,NDI-MF2 s/n:3BAA9000,22326,Port:10,0,Enabled,0.142714,0.0501152,-0.0442081,0.987505,3.01262,-0.708974,-63.4831,0.0177488,0,1685629244,16485132
1,NDI-MF2 s/n:3BAA9000,22334,Port:10,0,Enabled,0.142831,0.0498261,-0.0441922,0.987504,2.77393,-0.770696,-63.3322,0.0237323,0,1685629244,41491073
1,NDI-MF2 s/n:3BAA9000,22342,Port:10,0,Enabled,0.143444,0.0493688,-0.0438066,0.987455,2.54975,-0.819715,-63.2382,0.0212706,0,1685629244,66473339
1,NDI-MF2 s/n:3BAA9000,22350,Port:10,0,Enabled,0.14451,0.0484619,-0.0447595,0.987302,2.29379,-0.825734,-62.8532,0.016514,0,1685629244,91494763
1,NDI-MF2 s/n:3BAA9000,22358,Port:10,0,Enabled,0.14531,0.0478067,-0.0452915,0.987192,2.04088,-0.873289,-62.56,0.0182299,0,1685629244,116451153
1,NDI-MF2 s/n:3BAA9000,22366,Port:10,0,Enabled,0.144888,0.0479464,-0.0445814,0.98728,1.88735,-1.0603,-62.6277,0.0274065,0,1685629244,141494021
1,NDI-MF2 s/n:3BAA9000,22374,Port:10,0,Enabled,0.145475,0.0472858,-0.0441944,0.987243,1.66592,-1.266,-62.4852,0.0225779,0,1685629244,166433023
1,NDI-MF2 s/n:3BAA9000,22382,Port:10,0,Enabled,0.147129,0.0457858,-0.0453337,0.987017,1.48376,-1.34089,-62.1364,0.00901757,0,1685629244,191448343
1,NDI-MF2 s/n:3BAA9000,22390,Port:10,0,Enabled,0.147398,0.0452622,-0.0465692,0.986943,1.40371,-1.34252,-61.9717,0.0172133,0,1685629244,216440196
1,NDI-MF2 s/n:3BAA9000,22398,Port:10,0,Enabled,0.147521,0.0453348,-0.0460894,0.986944,1.15407,-1.44992,-61.7987,0.0258217,0,1685629244,241408010
1,NDI-MF2 s/n:3BAA9000,22406,Port:10,0,Enabled,0.147823,0.0450732,-0.0450767,0.986958,0.908789,-1.60097,-61.7722,0.0253347,0,1685629244,266443070
1,NDI-MF2 s/n:3BAA9000,22414,Port:10,0,Enabled,0.148911,0.0438636,-0.046211,0.986796,0.698566,-1.58132,-61.4445,0.0155388,0,1685629244,291453145
1,NDI-MF2 s/n:3BAA9000,22422,Port:10,0,Enabled,0.150175,0.0426105,-0.0475906,0.986594,0.44653,-1.56124,-61.1036,0.0135614,0,1685629244,316397562
1,NDI-MF2 s/n:3BAA9000,22430,Port:10,0,Enabled,0.149407,0.0432048,-0.0467097,0.986727,0.193471,-1.74811,-61.1106,0.0253309,0,1685629244,341428022
1,NDI-MF2 s/n:3BAA9000,22438,Port:10,0,Enabled,0.150413,0.042264,-0.0466943,0.986615,-0.108442,-1.85952,-60.9237,0.0170528,0,1685629244,366409500
1,NDI-MF2 s/n:3BAA9000,22446,Port:10,0,Enabled,0.151833,0.0408653,-0.0475921,0.986414,-0.295709,-1.90377,-60.6749,0.00939208,0,1685629244,391445841
1,NDI-MF2 s/n:3BAA9000,22454,Port:10,0,Enabled,0.151994,0.0404177,-0.0483571,0.98637,-0.443706,-1.98305,-60.4629,0.016244,0,1685629244,416403295
1,NDI-MF2 s/n:3BAA9000,22462,Port:10,0,Enabled,0.151988,0.0407003,-0.0476477,0.986394,-0.710959,-2.10183,-60.2899,0.0253043,0,1685629244,441441618
1,NDI-MF2 s/n:3BAA9000,22470,Port:10,0,Enabled,0.152151,0.0407484,-0.0461064,0.98644,-1.00096,-2.24054,-60.2457,0.0276379,0,1685629244,466391760
1,NDI-MF2 s/n:3BAA9000,22478,Port:10,0,Enabled,0.153386,0.0390219,-0.0479071,0.986233,-1.10707,-2.18397,-59.9323,0.0108652,0,1685629244,491450725
1,NDI-MF2 s/n:3BAA9000,22486,Port:10,0,Enabled,0.154411,0.0380422,-0.0489521,0.98606,-1.27306,-2.16095,-59.6584,0.0141979,0,1685629244,516443586
1,NDI-MF2 s/n:3BAA9000,22494,Port:10,0,Enabled,0.153812,0.0387382,-0.047867,0.986179,-1.60797,-2.30865,-59.6187,0.0263,0,1685629244,541410389
1,NDI-MF2 s/n:3BAA9000,22502,Port:10,0,Enabled,0.154266,0.0384728,-0.0468948,0.986166,-1.91427,-2.41299,-59.4105,0.0267876,0,1685629244,566464757
1,NDI-MF2 s/n:3BAA9000,22510,Port:10,0,Enabled,0.155999,0.0365537,-0.0481543,0.985906,-2.08893,-2.39613,-59.0708,0.0108062,0,1685629244,591371893
1,NDI-MF2 s/n:3BAA9000,22518,Port:10,0,Enabled,0.157062,0.035096,-0.0503744,0.985679,-2.20446,-2.27935,-58.7541,0.0149813,0,1685629244,616461120
1,NDI-MF2 s/n:3BAA9000,22526,Port:10,0,Enabled,0.157231,0.035092,-0.0502959,0.985656,-2.49424,-2.29229,-58.573,0.024243,0,1685629244,641381990
1,NDI-MF2 s/n:3BAA9000,22534,Port:10,0,Enabled,0.156557,0.0365062,-0.0468533,0.985881,-2.92648,-2.49167,-58.5608,0.0331068,0,1685629244,666305354
1,NDI-MF2 s/n:3BAA9000,22542,Port:10,0,Enabled,0.157858,0.03483,-0.0484309,0.985658,-3.06573,-2.43323,-58.3131,0.0207408,0,1685629244,691385127
1,NDI-MF2 s/n:3BAA9000,22550,Port:10,0,Enabled,0.159887,0.0324539,-0.0514014,0.985262,-3.15448,-2.37536,-58.006,0.0175991,0,1685629244,716296839
1,NDI-MF2 s/n:3BAA9000,22558,Port:10,0,Enabled,0.159229,0.0332485,-0.0503047,0.985399,-3.41948,-2.59863,-58.0183,0.0232048,0,1685629244,741445222
1,NDI-MF2 s/n:3BAA9000,22566,Port:10,0,Enabled,0.159176,0.0336714,-0.0485288,0.985482,-3.70771,-2.71295,-57.9201,0.0262509,0,1685629244,765367832
1,NDI-MF2 s/n:3BAA9000,22574,Port:10,0,Enabled,0.160756,0.0320177,-0.0497712,0.985219,-3.84476,-2.65959,-57.6923,0.0166763,0,1685629244,790359634
1,NDI-MF2 s/n:3BAA9000,22582,Port:10,0,Enabled,0.161692,0.0303504,-0.0521263,0.984996,-3.97381,-2.67249,-57.4197,0.019687,0,1685629244,815374729
1,NDI-MF2 s/n:3BAA9000,22590,Port:10,0,Enabled,0.161674,0.0308634,-0.0507635,0.985054,-4.25474,-2.75267,-57.2554,0.0243265,0,1685629244,840411094
1,NDI-MF2 s/n:3BAA9000,22598,Port:10,0,Enabled,0.161235,0.032118,-0.0476983,0.985239,-4.67366,-2.81545,-57.2221,0.0373538,0,1685629244,865348802
1,NDI-MF2 s/n:3BAA9000,22606,Port:10,0,Enabled,0.163031,0.0290812,-0.0512302,0.98486,-4.80131,-2.6659,-56.9519,0.012203,0,1685629244,890361612
1,NDI-MF2 s/n:3BAA9000,22614,Port:10,0,Enabled,0.164868,0.0266244,-0.0542977,0.98446,-4.90889,-2.5701,-56.6596,0.0285154,0,1685629244,915345205
1,NDI-MF2 s/n:3BAA9000,22622,Port:10,0,Enabled,0.16369,0.0282322,-0.0516207,0.984756,-5.29262,-2.7118,-56.5709,0.0199158,0,1685629244,940320913
1,NDI-MF2 s/n:3BAA9000,22630,Port:10,0,Enabled,0.163515,0.0289323,-0.0494842,0.984874,-5.65786,-2.73495,-56.3996,0.0223937,0,1685629244,965344327
1,NDI-MF2 s/n:3BAA9000,22638,Port:10,0,Enabled,0.165001,0.0277524,-0.0499411,0.984637,-5.87088,-2.65892,-56.1667,0.0207004,0,1685629244,990325670
1,NDI-MF2 s/n:3BAA9000,22646,Port:10,0,Enabled,0.16654,0.0252561,-0.053318,0.984268,-5.93598,-2.64226,-55.9449,0.017767,0,1685629245,15352481
1,NDI-MF2 s/n:3BAA9000,22654,Port:10,0,Enabled,0.166811,0.0250151,-0.0532347,0.984233,-6.09963,-2.75074,-55.7583,0.0204522,0,1685629245,40325683
1,NDI-MF2 s/n:3BAA9000,22662,Port:10,0,Enabled,0.16611,0.0267645,-0.0496767,0.984491,-6.48754,-2.96297,-55.6634,0.0273112,0,1685629245,65375690
1,NDI-MF2 s/n:3BAA9000,22670,Port:10,0,Enabled,0.167504,0.0250399,-0.0513544,0.984214,-6.68425,-2.92719,-55.4634,0.01618,0,1685629245,90297219
1,NDI-MF2 s/n:3BAA9000,22678,Port:10,0,Enabled,0.169537,0.0223435,-0.0544799,0.983764,-6.75208,-2.83627,-55.2342,0.0223004,0,1685629245,115296259
1,NDI-MF2 s/n:3BAA9000,22686,Port:10,0,Enabled,0.169012,0.0231785,-0.0528807,0.983921,-7.00635,-2.94018,-55.1553,0.0197334,0,1685629245,140295635
1,NDI-MF2 s/n:3BAA9000,22694,Port:10,0,Enabled,0.168725,0.0241112,-0.0507169,0.984062,-7.31664,-3.04122,-55.0183,0.0224647,0,1685629245,165331277
1,NDI-MF2 s/n:3BAA9000,22702,Port:10,0,Enabled,0.170198,0.0228707,-0.0513027,0.983808,-7.54259,-3.03532,-54.8567,0.0180056,0,1685629245,190346723
1,NDI-MF2 s/n:3BAA9000,22710,Port:10,0,Enabled,0.171696,0.020408,-0.0544838,0.983431,-7.64476,-2.97934,-54.7012,0.0193114,0,1685629245,215329091
1,NDI-MF2 s/n:3BAA9000,22718,Port:10,0,Enabled,0.172054,0.0197953,-0.0548686,0.983359,-7.84621,-3.01299,-54.5218,0.0261847,0,1685629245,240327529
1,NDI-MF2 s/n:3BAA9000,22726,Port:10,0,Enabled,0.170733,0.022676,-0.0495075,0.983811,-8.27014,-3.19987,-54.3825,0.0312478,0,1685629245,265309071
1,NDI-MF2 s/n:3BAA9000,22734,Port:10,0,Enabled,0.172231,0.0209612,-0.0508878,0.983518,-8.44094,-3.17661,-54.1761,0.0216419,0,1685629245,290324981
1,NDI-MF2 s/n:3BAA9000,22742,Port:10,0,Enabled,0.175538,0.0164161,-0.0566642,0.982703,-8.42419,-3.001,-54.0265,0.0340836,0,1685629245,315266715
1,NDI-MF2 s/n:3BAA9000,22750,Port:10,0,Enabled,0.174844,0.0172199,-0.0553465,0.982889,-8.70272,-3.08006,-53.9607,0.0296734,0,1685629245,340225205
1,NDI-MF2 s/n:3BAA9000,22758,Port:10,0,Enabled,0.173961,0.0192106,-0.0512751,0.983229,-9.12456,-3.17869,-53.7719,0.0200675,0,1685629245,365255206
1,NDI-MF2 s/n:3BAA9000,22766,Port:10,0,Enabled,0.174857,0.0191618,-0.0497132,0.983151,-9.4005,-3.21545,-53.5669,0.0299413,0,1685629245,390208956
1,NDI-MF2 s/n:3BAA9000,22774,Port:10,0,Enabled,0.177383,0.0150218,-0.055621,0.982454,-9.35931,-3.0887,-53.5045,0.0247975,0,1685629245,415283331
1,NDI-MF2 s/n:3BAA9000,22782,Port:10,0,Enabled,0.177827,0.0141973,-0.056191,0.982354,-9.57154,-3.01815,-53.3343,0.0342554,0,1685629245,440236047
1,NDI-MF2 s/n:3BAA9000,22790,Port:10,0,Enabled,0.176086,0.0177292,-0.0497544,0.982957,-10.0977,-3.08785,-53.1074,0.0307766,0,1685629245,465258440
1,NDI-MF2 s/n:3BAA9000,22798,Port:10,0,Enabled,0.177626,0.0159098,-0.0510399,0.982645,-10.2769,-3.02124,-52.8718,0.0218758,0,1685629245,490262031
1,NDI-MF2 s/n:3BAA9000,22806,Port:10,0,Enabled,0.180797,0.0113134,-0.0569533,0.981805,-10.2445,-2.90764,-52.7548,0.0350162,0,1685629245,515240205
1,NDI-MF2 s/n:3BAA9000,22814,Port:10,0,Enabled,0.18037,0.0118305,-0.0564795,0.981905,-10.4961,-2.92578,-52.7263,0.0379695,0,1685629245,540195546
1,NDI-MF2 s/n:3BAA9000,22822,Port:10,0,Enabled,0.178779,0.0147179,-0.0511252,0.98245,-10.9571,-2.97305,-52.4817,0.0201904,0,1685629245,565225836
1,NDI-MF2 s/n:3BAA9000,22830,Port:10,0,Enabled,0.179667,0.0145965,-0.0495888,0.982368,-11.2411,-2.86688,-52.2522,0.0336045,0,1685629245,590200130
1,NDI-MF2 s/n:3BAA9000,22838,Port:10,0,Enabled,0.182527,0.00971216,-0.0562776,0.981541,-11.1432,-2.75318,-52.2496,0.0249109,0,1685629245,615301418
1,NDI-MF2 s/n:3BAA9000,22846,Port:10,0,Enabled,0.183604,0.00803429,-0.0583378,0.981235,-11.2163,-2.761,-52.1725,0.0493665,0,1685629245,640192159
1,NDI-MF2 s/n:3BAA9000,22854,Port:10,0,Enabled,0.181252,0.0129209,-0.050079,0.982076,-11.8262,-2.85669,-51.8904,0.0288558,0,1685629245,665220557
1,NDI-MF2 s/n:3BAA9000,22862,Port:10,0,Enabled,0.182362,0.0114241,-0.0508455,0.981849,-12.0899,-2.70623,-51.644,0.0214604,0,1685629245,690170263
1,NDI-MF2 s/n:3BAA9000,22870,Port:10,0,Enabled,0.185892,0.00617938,-0.0575397,0.980865,-12.0345,-2.47761,-51.591,0.0362918,0,1685629245,715167137
1,NDI-MF2 s/n:3BAA9000,22878,Port:10,0,Enabled,0.185969,0.00582668,-0.0581205,0.980818,-12.2326,-2.58215,-51.5064,0.0457089,0,1685629245,740160817
1,NDI-MF2 s/n:3BAA9000,22886,Port:10,0,Enabled,0.184293,0.00910784,-0.0524967,0.981426,-12.677,-2.7549,-51.2104,0.0131269,0,1685629245,765246662
1,NDI-MF2 s/n:3BAA9000,22894,Port:10,0,Enabled,0.184982,0.00952633,-0.0500511,0.981421,-13.0255,-2.6318,-50.9194,0.0309907,0,1685629245,790290180
1,NDI-MF2 s/n:3BAA9000,22902,Port:10,0,Enabled,0.188393,0.00359971,-0.0582493,0.980358,-12.9282,-2.41994,-51.0033,0.0369919,0,1685629245,815259637
1,NDI-MF2 s/n:3BAA9000,22910,Port:10,0,Enabled,0.189389,0.00179918,-0.0601444,0.980057,-13.0626,-2.50311,-50.9287,0.0620537,0,1685629245,840116675
1,NDI-MF2 s/n:3BAA9000,22918,Port:10,0,Enabled,0.186663,0.00776459,-0.0507018,0.981084,-13.6514,-2.69077,-50.5946,0.0239942,0,1685629245,865143060
1,NDI-MF2 s/n:3BAA9000,22926,Port:10,0,Enabled,0.187929,0.00619401,-0.0514952,0.980812,-13.9354,-2.5609,-50.3613,0.0182188,0,1685629245,890107410
1,NDI-MF2 s/n:3BAA9000,22934,Port:10,0,Enabled,0.191724,6.81728e-06,-0.0590111,0.979673,-13.9196,-2.24977,-50.3476,0.0427945,0,1685629245,915159749
1,NDI-MF2 s/n:3BAA9000,22942,Port:10,0,Enabled,0.192561,-0.00171603,-0.0615132,0.979353,-14.0347,-2.24929,-50.3267,0.0720027,0,1685629245,940123605
1,NDI-MF2 s/n:3BAA9000,22950,Port:10,0,Enabled,0.190815,0.0022564,-0.0549407,0.980085,-14.5491,-2.40214,-50.0056,0.0250513,0,1685629245,965200345
1,NDI-MF2 s/n:3BAA9000,22958,Port:10,0,Enabled,0.190769,0.00464613,-0.0499163,0.980354,-14.8903,-2.63515,-49.6719,0.031917,0,1685629245,990089824
1,NDI-MF2 s/n:3BAA9000,22966,Port:10,0,Enabled,0.197551,-0.00785648,-0.070785,0.977702,-14.3853,-2.17671,-50.6059,0.108692,0,1685629246,15124205
1,NDI-MF2 s/n:3BAA9000,22974,Port:10,0,Enabled,0.196264,-0.00841912,-0.0708383,0.977953,-14.4711,-2.32303,-50.4132,0.114972,0,1685629246,40099766
1,NDI-MF2 s/n:3BAA9000,22982,Port:10,0,Enabled,0.192877,-0.000764123,-0.0573549,0.979545,-15.0071,-2.66614,-49.7884,0.0359079,0,1685629246,65074323
1,NDI-MF2 s/n:3BAA9000,22990,Port:10,0,Enabled,0.192938,0.00123226,-0.0527499,0.979791,-15.3459,-2.7017,-49.4585,0.00713268,0,1685629246,90072207
1,NDI-MF2 s/n:3BAA9000,22998,Port:10,0,Enabled,0.196394,-0.00436754,-0.0596777,0.978697,-15.2691,-2.5163,-49.5227,0.0431957,0,1685629246,115115668
1,NDI-MF2 s/n:3BAA9000,23006,Port:10,0,Enabled,0.197488,-0.0059643,-0.0608272,0.978398,-15.259,-2.46858,-49.4253,0.063145,0,1685629246,140033456
1,NDI-MF2 s/n:3BAA9000,23014,Port:10,0,Enabled,0.195792,-0.00181221,-0.0528402,0.979219,-15.7774,-2.59116,-48.9786,0.013208,0,1685629246,165055626
1,NDI-MF2 s/n:3BAA9000,23022,Port:10,0,Enabled,0.195742,-0.000647325,-0.0491429,0.979423,-16.1583,-2.5612,-48.6152,0.0259365,0,1685629246,190038871
1,NDI-MF2 s/n:3BAA9000,23030,Port:10,0,Enabled,0.200155,-0.00822339,-0.0593771,0.977929,-16.0671,-2.16182,-48.872,0.0603796,0,1685629246,215032894
1,NDI-MF2 s/n:3BAA9000,23038,Port:10,0,Enabled,0.201964,-0.0119018,-0.0649538,0.977164,-16.1712,-2.01798,-49.0081,0.0976842,0,1685629246,240075362
1,NDI-MF2 s/n:3BAA9000,23046,Port:10,0,Enabled,0.198762,-0.00540783,-0.0539241,0.978548,-16.7505,-2.2168,-48.4186,0.0323769,0,1685629246,265053982
1,NDI-MF2 s/n:3BAA9000,23054,Port:10,0,Enabled,0.198748,-0.00380759,-0.0502298,0.978755,-17.122,-2.06861,-48.1343,0.0187924,0,1685629246,290005639
1,NDI-MF2 s/n:3BAA9000,23062,Port:10,0,Enabled,0.201402,-0.00822961,-0.0560854,0.977867,-17.2189,-1.82489,-48.2178,0.0251977,0,1685629246,315004895
1,NDI-MF2 s/n:3BAA9000,23070,Port:10,0,Enabled,0.20277,-0.0108671,-0.0588397,0.977397,-17.2935,-1.78082,-48.1476,0.0566492,0,1685629246,339156497
1,NDI-MF2 s/n:3BAA9000,23078,Port:10,0,Enabled,0.202063,-0.00876458,-0.0549731,0.977789,-17.6534,-1.74123,-47.8952,0.0323902,0,1685629246,365032393
1,NDI-MF2 s/n:3BAA9000,23086,Port:10,0,Enabled,0.20198,-0.00813005,-0.0530166,0.97792,-17.9305,-1.66284,-47.6984,0.0121812,0,1685629246,389072083
1,NDI-MF2 s/n:3BAA9000,23094,Port:10,0,Enabled,0.204772,-0.0129467,-0.0593587,0.976923,-17.813,-1.3939,-47.9362,0.057267,0,1685629246,414994141
1,NDI-MF2 s/n:3BAA9000,23102,Port:10,0,Enabled,0.205931,-0.0150456,-0.0622484,0.976469,-17.9527,-1.27151,-47.9923,0.0758472,0,1685629246,439106802
1,NDI-MF2 s/n:3BAA9000,23110,Port:10,0,Enabled,0.203558,-0.0104844,-0.0541445,0.977508,-18.4794,-1.37749,-47.455,0.0240644,0,1685629246,464133005
1,NDI-MF2 s/n:3BAA9000,23118,Port:10,0,Enabled,0.20437,-0.0107834,-0.0535684,0.977367,-18.7085,-1.28639,-47.3034,0.0111256,0,1685629246,489049275
1,NDI-MF2 s/n:3BAA9000,23126,Port:10,0,Enabled,0.206968,-0.0153917,-0.0592297,0.976432,-18.6518,-1.15494,-47.417,0.0549047,0,1685629246,514057163
1,NDI-MF2 s/n:3BAA9000,23134,Port:10,0,Enabled,0.207272,-0.0156527,-0.058352,0.976416,-18.9163,-1.13217,-47.2212,0.0623631,0,1685629246,539074422
1,NDI-MF2 s/n:3BAA9000,23142,Port:10,0,Enabled,0.206215,-0.0128553,-0.0536981,0.976948,-19.4301,-1.10554,-46.87,0.0258175,0,1685629246,564048316
1,NDI-MF2 s/n:3BAA9000,23150,Port:10,0,Enabled,0.205499,-0.0110458,-0.0498903,0.977323,-19.7709,-1.02231,-46.5777,0.0117321,0,1685629246,589034168
1,NDI-MF2 s/n:3BAA9000,23158,Port:10,0,Enabled,0.208893,-0.0170899,-0.0569098,0.976132,-19.6295,-0.74567,-46.8008,0.0421138,0,1685629246,614008179
1,NDI-MF2 s/n:3BAA9000,23166,Port:10,0,Enabled,0.211081,-0.0207697,-0.0618243,0.97529,-19.6888,-0.641286,-46.9525,0.0794306,0,1685629246,639003498
1,NDI-MF2 s/n:3BAA9000,23174,Port:10,0,Enabled,0.209391,-0.0172591,-0.0556588,0.976094,-20.1328,-0.825805,-46.5175,0.0446362,0,1685629246,664068188
1,NDI-MF2 s/n:3BAA9000,23182,Port:10,0,Enabled,0.208762,-0.0146382,-0.0510003,0.976526,-20.5512,-0.703065,-46.1786,0.0122878,0,1685629246,689024924
1,NDI-MF2 s/n:3BAA9000,23190,Port:10,0,Enabled,0.211337,-0.0191685,-0.0566511,0.975582,-20.5216,-0.468078,-46.3507,0.0379965,0,1685629246,713978451
1,NDI-MF2 s/n:3BAA9000,23198,Port:10,0,Enabled,0.213153,-0.0229905,-0.0607253,0.974859,-20.4709,-0.383086,-46.4219,0.0809082,0,1685629246,739103106
1,NDI-MF2 s/n:3BAA9000,23206,Port:10,0,Enabled,0.212471,-0.020965,-0.0566596,0.975298,-20.9281,-0.338697,-46.0751,0.0550482,0,1685629246,763966627
1,NDI-MF2 s/n:3BAA9000,23214,Port:10,0,Enabled,0.211109,-0.0174718,-0.0509994,0.975975,-21.4332,-0.281307,-45.6667,0.010883,0,1685629246,788999455
1,NDI-MF2 s/n:3BAA9000,23222,Port:10,0,Enabled,0.213048,-0.0207416,-0.05421,0.975316,-21.394,-0.0558925,-45.7421,0.0318969,0,1685629246,813959165
1,NDI-MF2 s/n:3BAA9000,23230,Port:10,0,Enabled,0.215252,-0.0242716,-0.0587608,0.974487,-21.3923,0.125583,-45.9111,0.0611017,0,1685629246,838975561
1,NDI-MF2 s/n:3BAA9000,23238,Port:10,0,Enabled,0.214568,-0.0227935,-0.0552862,0.974877,-21.7095,0.0238657,-45.5827,0.0458106,0,1685629246,863985379
1,NDI-MF2 s/n:3BAA9000,23246,Port:10,0,Enabled,0.214252,-0.0212507,-0.0518528,0.97517,-22.0442,0.194344,-45.2849,0.0218456,0,1685629246,888963287
1,NDI-MF2 s/n:3BAA9000,23254,Port:10,0,Enabled,0.216124,-0.0242871,-0.0554426,0.974488,-22.0578,0.489491,-45.4019,0.0402654,0,1685629246,913992037
1,NDI-MF2 s/n:3BAA9000,23262,Port:10,0,Enabled,0.216968,-0.0259517,-0.0565824,0.974192,-22.146,0.615371,-45.3724,0.057632,0,1685629246,938939392
1,NDI-MF2 s/n:3BAA9000,23270,Port:10,0,Enabled,0.21672,-0.0247292,-0.0546241,0.974391,-22.6015,0.668747,-45.1392,0.0429568,0,1685629246,964016794
1,NDI-MF2 s/n:3BAA9000,23278,Port:10,0,Enabled,0.215672,-0.0219992,-0.0501024,0.974931,-23.0366,0.728495,-44.7612,0.00601297,0,1685629246,988971773
1,NDI-MF2 s/n:3BAA9000,23286,Port:10,0,Enabled,0.217899,-0.0261039,-0.0541731,0.974117,-22.9602,0.994345,-44.8488,0.0333319,0,1685629247,13913441
1,NDI-MF2 s/n:3BAA9000,23294,Port:10,0,Enabled,0.220383,-0.0301549,-0.0592805,0.973143,-23.0405,1.24532,-45.0409,0.0651442,0,1685629247,38908533
1,NDI-MF2 s/n:3BAA9000,23302,Port:10,0,Enabled,0.219453,-0.0287531,-0.0556443,0.973611,-23.3849,1.1233,-44.7066,0.0530759,0,1685629247,63969220
1,NDI-MF2 s/n:3BAA9000,23310,Port:10,0,Enabled,0.219715,-0.0280953,-0.053973,0.973665,-23.6352,1.24571,-44.5075,0.0395667,0,1685629247,88907630
1,NDI-MF2 s/n:3BAA9000,23318,Port:10,0,Enabled,0.221019,-0.0298899,-0.0558511,0.97321,-23.6544,1.44255,-44.5486,0.0474893,0,1685629247,113915793
1,NDI-MF2 s/n:3BAA9000,23326,Port:10,0,Enabled,0.222747,-0.033033,-0.0585807,0.972554,-23.6019,1.57578,-44.6128,0.0724858,0,1685629247,138941665
1,NDI-MF2 s/n:3BAA9000,23334,Port:10,0,Enabled,0.222851,-0.0324025,-0.0574135,0.97262,-23.9194,1.58767,-44.4971,0.0644,0,1685629247,163931447
1,NDI-MF2 s/n:3BAA9000,23342,Port:10,0,Enabled,0.221469,-0.0291087,-0.0516703,0.973362,-24.2877,1.53897,-44.1125,0.0264292,0,1685629247,188906149
1,NDI-MF2 s/n:3BAA9000,23350,Port:10,0,Enabled,0.223534,-0.0322773,-0.0544296,0.97264,-24.251,1.85571,-44.1609,0.0413979,0,1685629247,213879570
1,NDI-MF2 s/n:3BAA9000,23358,Port:10,0,Enabled,0.225378,-0.0352124,-0.058123,0.971899,-24.3029,2.04936,-44.2922,0.0679066,0,1685629247,238917918
1,NDI-MF2 s/n:3BAA9000,23366,Port:10,0,Enabled,0.224945,-0.0338644,-0.0550014,0.972229,-24.5315,2.03803,-44.06,0.0540567,0,1685629247,263902044
1,NDI-MF2 s/n:3BAA9000,23374,Port:10,0,Enabled,0.224571,-0.0318108,-0.0516805,0.972566,-24.8331,2.22678,-43.8127,0.0311028,0,1685629247,288941009
1,NDI-MF2 s/n:3BAA9000,23382,Port:10,0,Enabled,0.225564,-0.0332829,-0.0528263,0.972226,-24.9973,2.45703,-43.7856,0.0343253,0,1685629247,313859395
1,NDI-MF2 s/n:3BAA9000,23390,Port:10,0,Enabled,0.227213,-0.0361427,-0.0552806,0.971603,-25.0085,2.63397,-43.7974,0.0548559,0,1685629247,338983243
1,NDI-MF2 s/n:3BAA9000,23398,Port:10,0,Enabled,0.226146,-0.033221,-0.0508392,0.972199,-25.4029,2.64189,-43.4818,0.0303805,0,1685629247,363947627
1,NDI-MF2 s/n:3BAA9000,23406,Port:10,0,Enabled,0.225952,-0.0321421,-0.0485025,0.972399,-25.7322,2.60941,-43.2517,0.00839765,0,1685629247,388875073
1,NDI-MF2 s/n:3BAA9000,23414,Port:10,0,Enabled,0.22858,-0.0367045,-0.0532649,0.971374,-25.7023,3.00068,-43.4009,0.0359746,0,1685629247,413864871
1,NDI-MF2 s/n:3BAA9000,23422,Port:10,0,Enabled,0.230965,-0.0408991,-0.0586428,0.970331,-25.7681,3.32757,-43.612,0.071478,0,1685629247,438861371
1,NDI-MF2 s/n:3BAA9000,23430,Port:10,0,Enabled,0.229472,-0.0380269,-0.052825,0.971137,-26.1418,3.25221,-43.2287,0.0445388,0,1685629247,463872579
1,NDI-MF2 s/n:3BAA9000,23438,Port:10,0,Enabled,0.228654,-0.0354064,-0.0482686,0.971666,-26.5688,3.35771,-42.8681,0.0195921,0,1685629247,488829896
1,NDI-MF2 s/n:3BAA9000,23446,Port:10,0,Enabled,0.230813,-0.0387686,-0.0527626,0.970793,-26.6499,3.71063,-43.0145,0.0380996,0,1685629247,513807781
1,NDI-MF2 s/n:3BAA9000,23454,Port:10,0,Enabled,0.232704,-0.042348,-0.0558774,0.970017,-26.6846,4.02189,-43.0514,0.0581933,0,1685629247,538853044
1,NDI-MF2 s/n:3BAA9000,23462,Port:10,0,Enabled,0.232355,-0.0412027,-0.0535608,0.970281,-27.0824,4.09949,-42.8072,0.0480033,0,1685629247,563856777
1,NDI-MF2 s/n:3BAA9000,23470,Port:10,0,Enabled,0.231906,-0.0399637,-0.0507551,0.970591,-27.3009,4.02797,-42.5694,0.0319586,0,1685629247,588887723
1,NDI-MF2 s/n:3BAA9000,23478,Port:10,0,Enabled,0.232771,-0.0408165,-0.0510163,0.970335,-27.3907,4.17611,-42.5037,0.0309492,0,1685629247,613832204
1,NDI-MF2 s/n:3BAA9000,23486,Port:10,0,Enabled,0.235023,-0.044838,-0.0556903,0.969357,-27.3471,4.55125,-42.7119,0.0599771,0,1685629247,638793919
1,NDI-MF2 s/n:3BAA9000,23494,Port:10,0,Enabled,0.234918,-0.0440622,-0.0530446,0.969566,-27.5146,4.62609,-42.5407,0.0467218,0,1685629247,663838780
1,NDI-MF2 s/n:3BAA9000,23502,Port:10,0,Enabled,0.234558,-0.0425143,-0.050151,0.969876,-27.6882,4.73347,-42.3483,0.03467,0,1685629247,688784608
1,NDI-MF2 s/n:3BAA9000,23510,Port:10,0,Enabled,0.235383,-0.042925,-0.0507763,0.969626,-27.8706,4.92826,-42.3215,0.0346388,0,1685629247,713801428
1,NDI-MF2 s/n:3BAA9000,23518,Port:10,0,Enabled,0.237165,-0.0460217,-0.0536133,0.968897,-27.9135,5.15376,-42.3547,0.0514693,0,1685629247,738792753
1,NDI-MF2 s/n:3BAA9000,23526,Port:10,0,Enabled,0.235243,-0.0421539,-0.0490279,0.969784,-28.5151,5.24656,-41.9972,0.0439075,0,1685629247,763773214
1,NDI-MF2 s/n:3BAA9000,23534,Port:10,0,Enabled,0.233627,-0.0382586,-0.0436346,0.970593,-28.8758,5.09305,-41.7159,0.0143906,0,1685629247,788776546
1,NDI-MF2 s/n:3BAA9000,23542,Port:10,0,Enabled,0.237926,-0.0449115,-0.0483416,0.969039,-28.5264,5.52693,-41.9216,0.0186843,0,1685629247,813761663
1,NDI-MF2 s/n:3BAA9000,23550,Port:10,0,Missing,,,,,,,,,0,1685629247,843799891
1,NDI-MF2 s/n:3BAA9000,23558,Port:10,0,Enabled,0.241867,-0.0524916,-0.0568585,0.967219,-28.5815,6.28887,-42.1421,0.0814795,0,1685629247,869783889
1,NDI-MF2 s/n:3BAA9000,23566,Port:10,0,Enabled,0.239507,-0.0473556,-0.0489296,0.968504,-29.1283,6.25968,-41.6489,0.0389508,0,1685629247,888759577
1,NDI-MF2 s/n:3BAA9000,23574,Port:10,0,Enabled,0.240461,-0.0480029,-0.0492983,0.968217,-29.2845,6.47473,-41.565,0.0364204,0,1685629247,913709918
1,NDI-MF2 s/n:3BAA9000,23582,Port:10,0,Enabled,0.2418,-0.0498617,-0.0507089,0.967717,-29.3502,6.74457,-41.5122,0.0425564,0,1685629247,937830571
1,NDI-MF2 s/n:3BAA9000,23590,Port:10,0,Enabled,0.244275,-0.0535732,-0.0553976,0.966639,-29.52,7.19926,-41.547,0.0652275,0,1685629247,963730278
1,NDI-MF2 s/n:3BAA9000,23598,Port:10,0,Enabled,0.24302,-0.051414,-0.0519402,0.967264,-29.8839,7.23964,-41.3119,0.0535034,0,1685629247,987823456
1,NDI-MF2 s/n:3BAA9000,23606,Port:10,0,Enabled,0.243336,-0.0513706,-0.0497666,0.967302,-29.9572,7.38228,-41.211,0.0408636,0,1685629248,12854395
1,NDI-MF2 s/n:3BAA9000,23614,Port:10,0,Enabled,0.243194,-0.0511209,-0.0485897,0.96741,-30.1812,7.60698,-41.0827,0.0401134,0,1685629248,37858976
1,NDI-MF2 s/n:3BAA9000,23622,Port:10,0,Enabled,0.243209,-0.0509773,-0.0480411,0.967442,-30.475,7.88432,-40.9643,0.0392715,0,1685629248,62774167
1,NDI-MF2 s/n:3BAA9000,23630,Port:10,0,Enabled,0.243488,-0.051093,-0.0480436,0.967365,-30.6888,8.05266,-40.8809,0.0409003,0,1685629248,87792655
1,NDI-MF2 s/n:3BAA9000,23638,Port:10,0,Enabled,0.244548,-0.0523238,-0.0488184,0.966993,-30.7256,8.1849,-40.8628,0.0451228,0,1685629248,112788825
1,NDI-MF2 s/n:3BAA9000,23646,Port:10,0,Enabled,0.24471,-0.0517051,-0.0467511,0.967088,-30.8768,8.22062,-40.7258,0.0339424,0,1685629248,137778179
1,NDI-MF2 s/n:3BAA9000,23654,Port:10,0,Enabled,0.245088,-0.051941,-0.0462974,0.967001,-31.1252,8.43073,-40.5876,0.033612,0,1685629248,162754608
1,NDI-MF2 s/n:3BAA9000,23662,Port:10,0,Enabled,0.245752,-0.0527405,-0.0468893,0.966761,-31.2803,8.74981,-40.5749,0.0380095,0,1685629248,187699790
1,NDI-MF2 s/n:3BAA9000,23670,Port:10,0,Enabled,0.247923,-0.0557736,-0.0493792,0.965912,-31.2042,9.11359,-40.6938,0.0508881,0,1685629248,212807900
1,NDI-MF2 s/n:3BAA9000,23678,Port:10,0,Enabled,0.249394,-0.0579067,-0.0517072,0.965285,-31.2576,9.25114,-40.7499,0.0648403,0,1685629248,237724494
1,NDI-MF2 s/n:3BAA9000,23686,Port:10,0,Enabled,0.24816,-0.0555346,-0.0476373,0.965952,-31.5911,9.2815,-40.479,0.0468735,0,1685629248,262718516
1,NDI-MF2 s/n:3BAA9000,23694,Port:10,0,Enabled,0.247198,-0.0536102,-0.0437489,0.966491,-31.8531,9.39323,-40.1996,0.0309319,0,1685629248,287727814
1,NDI-MF2 s/n:3BAA9000,23702,Port:10,0,Enabled,0.24827,-0.0548557,-0.0452619,0.966077,-31.9705,9.60787,-40.1788,0.040073,0,1685629248,312701051
1,NDI-MF2 s/n:3BAA9000,23710,Port:10,0,Enabled,0.250115,-0.0571287,-0.0473361,0.965369,-32.018,9.90407,-40.2831,0.049307,0,1685629248,337724371
1,NDI-MF2 s/n:3BAA9000,23718,Port:10,0,Enabled,0.249758,-0.0562518,-0.0456063,0.965597,-32.287,10.0966,-40.1322,0.0461036,0,1685629248,362731013
1,NDI-MF2 s/n:3BAA9000,23726,Port:10,0,Enabled,0.249445,-0.0556213,-0.0437271,0.965801,-32.4744,10.2396,-39.9819,0.0404476,0,1685629248,387748109
1,NDI-MF2 s/n:3BAA9000,23734,Port:10,0,Enabled,0.251443,-0.0581967,-0.0457075,0.965039,-32.4231,10.3901,-40.0408,0.0481769,0,1685629248,412681460
1,NDI-MF2 s/n:3BAA9000,23742,Port:10,0,Enabled,0.252377,-0.0592607,-0.0464837,0.964693,-32.6206,10.563,-39.9957,0.0529838,0,1685629248,437688475
1,NDI-MF2 s/n:3BAA9000,23750,Port:10,0,Enabled,0.252267,-0.0588897,-0.0450187,0.964815,-32.7785,10.7076,-39.9404,0.0480237,0,1685629248,462709714
1,NDI-MF2 s/n:3BAA9000,23758,Port:10,0,Enabled,0.25152,-0.0571777,-0.0414523,0.965272,-32.9265,10.8296,-39.7877,0.0365409,0,1685629248,487690675
1,NDI-MF2 s/n:3BAA9000,23766,Port:10,0,Enabled,0.253403,-0.0593683,-0.0444211,0.964515,-32.9901,11.0698,-39.8538,0.0517637,0,1685629248,512650026
1,NDI-MF2 s/n:3BAA9000,23774,Port:10,0,Enabled,0.255091,-0.0613492,-0.045847,0.963879,-33.0382,11.3804,-39.8675,0.057112,0,1685629248,537694665
1,NDI-MF2 s/n:3BAA9000,23782,Port:10,0,Enabled,0.255529,-0.0618951,-0.0456059,0.963739,-33.0903,11.5955,-39.776,0.0610916,0,1685629248,562674176
1,NDI-MF2 s/n:3BAA9000,23790,Port:10,0,Enabled,0.254605,-0.0598613,-0.0424601,0.964257,-33.3438,11.6199,-39.5491,0.049365,0,1685629248,587678668
1,NDI-MF2 s/n:3BAA9000,23798,Port:10,0,Enabled,0.254357,-0.0592275,-0.0401733,0.964459,-33.4896,11.7433,-39.4326,0.0410853,0,1685629248,612673934
1,NDI-MF2 s/n:3BAA9000,23806,Port:10,0,Enabled,0.255122,-0.0603103,-0.0404698,0.964177,-33.5841,12.093,-39.4244,0.0465872,0,1685629248,637681601
1,NDI-MF2 s/n:3BAA9000,23814,Port:10,0,Enabled,0.258128,-0.0638077,-0.0450826,0.962946,-33.5253,12.5157,-39.5977,0.0671296,0,1685629248,662652133
1,NDI-MF2 s/n:3BAA9000,23822,Port:10,0,Enabled,0.258523,-0.0645638,-0.0451942,0.962785,-33.6205,12.6878,-39.5086,0.0733414,0,1685629248,687632190
1,NDI-MF2 s/n:3BAA9000,23830,Port:10,0,Enabled,0.25943,-0.0651658,-0.0453339,0.962494,-33.7924,12.8515,-39.4082,0.0738329,0,1685629248,712593126
1,NDI-MF2 s/n:3BAA9000,23838,Port:10,0,Missing,,,,,,,,,0,1685629248,742619626
1,NDI-MF2 s/n:3BAA9000,23846,Port:10,0,Enabled,0.257295,-0.0614128,-0.0375241,0.963649,-34.2159,13.1106,-38.9726,0.0459563,0,1685629248,768602192
1,NDI-MF2 s/n:3BAA9000,23854,Port:10,0,Enabled,0.25748,-0.0617521,-0.0380093,0.963559,-34.389,13.337,-38.9233,0.0516839,0,1685629248,787592945
1,NDI-MF2 s/n:3BAA9000,23862,Port:10,0,Enabled,0.259585,-0.0638703,-0.0399147,0.962779,-34.3561,13.6414,-39.0026,0.0593852,0,1685629248,812601688
1,NDI-MF2 s/n:3BAA9000,23870,Port:10,0,Enabled,0.259702,-0.0638279,-0.0388694,0.962793,-34.4756,13.795,-38.9399,0.0581215,0,1685629248,837654678
1,NDI-MF2 s/n:3BAA9000,23878,Port:10,0,Enabled,0.25995,-0.0634694,-0.0376453,0.962798,-34.7454,14.0139,-38.7874,0.0526624,0,1685629248,862589780
1,NDI-MF2 s/n:3BAA9000,23886,Port:10,0,Enabled,0.260882,-0.0653397,-0.0398808,0.962331,-34.8577,14.2581,-38.7364,0.0683293,0,1685629248,887562549
1,NDI-MF2 s/n:3BAA9000,23894,Port:10,0,Enabled,0.261243,-0.0657498,-0.0399101,0.962204,-34.95,14.4449,-38.7055,0.0728172,0,1685629248,912560641
1,NDI-MF2 s/n:3BAA9000,23902,Port:10,0,Enabled,0.261251,-0.0645562,-0.0371395,0.962393,-35.2337,14.7192,-38.5939,0.0589781,0,1685629248,937573425
1,NDI-MF2 s/n:3BAA9000,23910,Port:10,0,Enabled,0.260505,-0.0636956,-0.0349073,0.962736,-35.4959,14.9554,-38.4126,0.0550228,0,1685629248,962578506
1,NDI-MF2 s/n:3BAA9000,23918,Port:10,0,Enabled,0.260685,-0.0636917,-0.0347046,0.962696,-35.6478,15.0746,-38.3388,0.054768,0,1685629248,987554124
1,NDI-MF2 s/n:3BAA9000,23926,Port:10,0,Enabled,0.260376,-0.0632399,-0.0329769,0.96287,-35.7874,15.155,-38.1993,0.0500342,0,1685629249,12570874
1,NDI-MF2 s/n:3BAA9000,23934,Port:10,0,Enabled,0.259668,-0.0622726,-0.0305352,0.963204,-35.9589,15.3,-38.0702,0.0415706,0,1685629249,37518791
1,NDI-MF2 s/n:3BAA9000,23942,Port:10,0,Enabled,0.262976,-0.0658949,-0.03606,0.961874,-35.9125,15.7215,-38.2866,0.0663095,0,1685629249,62536529
1,NDI-MF2 s/n:3BAA9000,23950,Port:10,0,Enabled,0.262524,-0.0662647,-0.0353077,0.962,-35.9624,15.9079,-38.2086,0.0705266,0,1685629249,87538555
1,NDI-MF2 s/n:3BAA9000,23958,Port:10,0,Enabled,0.259509,-0.0624358,-0.0283311,0.963304,-36.2562,15.9393,-37.9182,0.0435686,0,1685629249,112508065
1,NDI-MF2 s/n:3BAA9000,23966,Port:10,0,Enabled,0.26003,-0.0623156,-0.0276638,0.963191,-36.375,16.2158,-37.8749,0.0420687,0,1685629249,137502911
1,NDI-MF2 s/n:3BAA9000,23974,Port:10,0,Enabled,0.262825,-0.0657421,-0.0325616,0.96205,-36.3006,16.5351,-38.0144,0.0649692,0,1685629249,162529677
1,NDI-MF2 s/n:3BAA9000,23982,Port:10,0,Enabled,0.264267,-0.0676129,-0.0352098,0.961432,-36.3085,16.7398,-38.0655,0.077564,0,1685629249,187549429
1,NDI-MF2 s/n:3BAA9000,23990,Port:10,0,Enabled,0.263366,-0.0655412,-0.0310927,0.961965,-36.5644,16.94,-37.8384,0.0616314,0,1685629249,212539096
1,NDI-MF2 s/n:3BAA9000,23998,Port:10,0,Enabled,0.261516,-0.0639362,-0.0261984,0.962723,-36.6509,17.0712,-37.6207,0.0459624,0,1685629249,237506709
1,NDI-MF2 s/n:3BAA9000,24006,Port:10,0,Enabled,0.263082,-0.0656349,-0.0285257,0.962116,-36.6067,17.2565,-37.7443,0.0562381,0,1685629249,262499294
1,NDI-MF2 s/n:3BAA9000,24014,Port:10,0,Enabled,0.265037,-0.0681481,-0.0318636,0.961299,-36.6012,17.4568,-37.866,0.0729698,0,1685629249,286525662
1,NDI-MF2 s/n:3BAA9000,24022,Port:10,0,Enabled,0.266288,-0.0695625,-0.0333325,0.960802,-36.6485,17.721,-37.8644,0.0838389,0,1685629249,312457030
1,NDI-MF2 s/n:3BAA9000,24030,Port:10,0,Enabled,0.266279,-0.0676393,-0.0309054,0.961023,-36.8748,17.9988,-37.7166,0.0744753,0,1685629249,337463792
1,NDI-MF2 s/n:3BAA9000,24038,Port:10,0,Enabled,0.266077,-0.0682802,-0.0297186,0.961071,-36.9076,18.2473,-37.6372,0.074441,0,1685629249,362423137
1,NDI-MF2 s/n:3BAA9000,24046,Port:10,0,Enabled,0.266001,-0.0692507,-0.029079,0.961042,-36.8221,18.3051,-37.6614,0.0721572,0,1685629249,387450955
1,NDI-MF2 s/n:3BAA9000,24054,Port:10,0,Enabled,0.264512,-0.0663281,-0.0240708,0.961798,-36.9495,18.2898,-37.5017,0.0497431,0,1685629249,412469659
1,NDI-MF2 s/n:3BAA9000,24062,Port:10,0,Enabled,0.263785,-0.0649797,-0.0212073,0.962156,-37.1429,18.4932,-37.328,0.0415971,0,1685629249,437424805
1,NDI-MF2 s/n:3BAA9000,24070,Port:10,0,Enabled,0.263946,-0.0654477,-0.0205415,0.962095,-37.2815,18.7665,-37.2862,0.0367819,0,1685629249,461547397
1,NDI-MF2 s/n:3BAA9000,24078,Port:10,0,Enabled,0.264908,-0.0675593,-0.0215964,0.961662,-37.212,19.0273,-37.3363,0.0459273,0,1685629249,487459275
1,NDI-MF2 s/n:3BAA9000,24086,Port:10,0,Enabled,0.2637,-0.0671313,-0.0180836,0.962096,-37.1972,19.1187,-37.292,0.033468,0,1685629249,512402453
1,NDI-MF2 s/n:3BAA9000,24094,Port:10,0,Enabled,0.264969,-0.0658753,-0.018726,0.961822,-37.5336,19.519,-37.1829,0.0369062,0,1685629249,537446846
1,NDI-MF2 s/n:3BAA9000,24102,Port:10,0,Enabled,0.267934,-0.0690022,-0.0237659,0.960669,-37.5047,19.9591,-37.2977,0.0640719,0,1685629249,561502853
1,NDI-MF2 s/n:3BAA9000,24110,Port:10,0,Enabled,0.268925,-0.0714817,-0.0246837,0.960188,-37.3493,20.2145,-37.3966,0.0693553,0,1685629249,586459642
1,NDI-MF2 s/n:3BAA9000,24118,Port:10,0,Enabled,0.265255,-0.0672887,-0.0155987,0.961701,-37.5693,20.2249,-37.0826,0.032872,0,1685629249,611475680
1,NDI-MF2 s/n:3BAA9000,24126,Port:10,0,Enabled,0.262641,-0.0650091,-0.00873222,0.962662,-37.6154,20.2583,-36.9078,0.0273417,0,1685629249,636455586
1,NDI-MF2 s/n:3BAA9000,24134,Port:10,0,Enabled,0.265483,-0.0674417,-0.0133385,0.961662,-37.6063,20.6072,-37.0677,0.0213916,0,1685629249,661418402
1,NDI-MF2 s/n:3BAA9000,24142,Port:10,0,Enabled,0.268202,-0.0705459,-0.0183909,0.9606,-37.6135,20.9604,-37.1667,0.0447569,0,1685629249,686450434
1,NDI-MF2 s/n:3BAA9000,24150,Port:10,0,Enabled,0.268141,-0.0705489,-0.0176898,0.96063,-37.7305,21.1609,-37.0611,0.0465891,0,1685629249,711442467
1,NDI-MF2 s/n:3BAA9000,24158,Port:10,0,Enabled,0.266313,-0.066895,-0.0126183,0.96148,-38.0451,21.2452,-36.7515,0.029002,0,1685629249,736437602
1,NDI-MF2 s/n:3BAA9000,24166,Port:10,0,Enabled,0.266625,-0.0680652,-0.0108146,0.961333,-37.9459,21.4161,-36.7536,0.0219727,0,1685629249,761524652
1,NDI-MF2 s/n:3BAA9000,24174,Port:10,0,Enabled,0.269812,-0.0722437,-0.0161768,0.960063,-37.7511,21.7084,-37.0399,0.0420038,0,1685629249,786433881
1,NDI-MF2 s/n:3BAA9000,24182,Port:10,0,Enabled,0.26853,-0.0702375,-0.0127607,0.960622,-37.8842,21.809,-36.8926,0.032595,0,1685629249,811451991
1,NDI-MF2 s/n:3BAA9000,24190,Port:10,0,Enabled,0.265241,-0.0671599,-0.00352832,0.961834,-37.9048,21.8708,-36.6798,0.0319197,0,1685629249,836473413
1,NDI-MF2 s/n:3BAA9000,24198,Port:10,0,Enabled,0.266879,-0.0682898,-0.00576749,0.961291,-37.9665,22.273,-36.7764,0.021419,0,1685629249,861513299
1,NDI-MF2 s/n:3BAA9000,24206,Port:10,0,Enabled,0.269441,-0.0720456,-0.00990797,0.960267,-37.8607,22.6999,-36.974,0.0270627,0,1685629249,886443036
1,NDI-MF2 s/n:3BAA9000,24214,Port:10,0,Enabled,0.267555,-0.0705281,-0.00424768,0.960949,-37.9091,22.8143,-36.8761,0.0298039,0,1685629249,911421579
1,NDI-MF2 s/n:3BAA9000,24222,Port:10,0,Enabled,0.267035,-0.0688587,-0.00237593,0.961221,-38.135,23.0568,-36.6931,0.0298839,0,1685629249,936394193
1,NDI-MF2 s/n:3BAA9000,24230,Port:10,0,Enabled,0.267782,-0.0695443,-0.00272189,0.960963,-38.1424,23.3202,-36.7013,0.0267473,0,1685629249,961485524
1,NDI-MF2 s/n:3BAA9000,24238,Port:10,0,Enabled,0.269777,-0.0722931,-0.00518209,0.960191,-37.9986,23.6257,-36.9076,0.0249822,0,1685629249,986379909
1,NDI-MF2 s/n:3BAA9000,24246,Port:10,0,Enabled,0.268115,-0.0700589,-0.00108666,0.960836,-38.1495,23.6799,-36.7777,0.0309763,0,1685629250,11506888
1,NDI-MF2 s/n:3BAA9000,24254,Port:10,0,Enabled,0.267315,-0.0694595,0.00223193,0.9611,-38.0808,23.8015,-36.7635,0.0440804,0,1685629250,36398657
1,NDI-MF2 s/n:3BAA9000,24262,Port:10,0,Enabled,0.269286,-0.0705648,-0.00104266,0.960471,-38.0728,24.1197,-36.851,0.0275754,0,1685629250,61374082
1,NDI-MF2 s/n:3BAA9000,24270,Port:10,0,Enabled,0.270267,-0.0722813,-0.00144121,0.960067,-37.9551,24.3274,-36.911,0.0288974,0,1685629250,86405554
1,NDI-MF2 s/n:3BAA9000,24278,Port:10,0,Enabled,0.268446,-0.0707204,0.0044559,0.960685,-37.9375,24.3616,-36.8338,0.0523167,0,1685629250,111401736
1,NDI-MF2 s/n:3BAA9000,24286,Port:10,0,Enabled,0.268844,-0.0695846,0.00419946,0.960658,-38.1329,24.6159,-36.7068,0.0441666,0,1685629250,136402908
1,NDI-MF2 s/n:3BAA9000,24294,Port:10,0,Enabled,0.271247,-0.0721883,0.000591005,0.959799,-38.0816,25.0096,-36.7975,0.0276946,0,1685629250,161350630
1,NDI-MF2 s/n:3BAA9000,24302,Port:10,0,Enabled,0.273388,-0.0749949,-0.0015772,0.958974,-37.9253,25.3148,-36.98,0.0282081,0,1685629250,186379121
1,NDI-MF2 s/n:3BAA9000,24310,Port:10,0,Enabled,0.270133,-0.0718776,0.00657833,0.960114,-37.9981,25.2315,-36.8001,0.0523608,0,1685629250,211357116
1,NDI-MF2 s/n:3BAA9000,24318,Port:10,0,Enabled,0.268074,-0.0696785,0.0127002,0.960792,-38.0268,25.2406,-36.6516,0.0800731,0,1685629250,236319266
1,NDI-MF2 s/n:3BAA9000,24326,Port:10,0,Enabled,0.271813,-0.0718044,0.00533281,0.959653,-38.089,25.6883,-36.743,0.0396428,0,1685629250,261390117
1,NDI-MF2 s/n:3BAA9000,24334,Port:10,0,Enabled,0.274635,-0.0752091,0.000735921,0.958603,-37.9822,26.1097,-36.8678,0.0258748,0,1685629250,286342535
1,NDI-MF2 s/n:3BAA9000,24342,Port:10,0,Enabled,0.273901,-0.0754045,0.00475653,0.958786,-37.8798,26.2521,-36.9,0.0389967,0,1685629250,311391385
1,NDI-MF2 s/n:3BAA9000,24350,Port:10,0,Enabled,0.27127,-0.0713289,0.0102008,0.959802,-38.1571,26.3505,-36.6312,0.0536868,0,1685629250,336366106
1,NDI-MF2 s/n:3BAA9000,24358,Port:10,0,Enabled,0.273179,-0.0735286,0.00858608,0.959111,-38.0395,26.7201,-36.7306,0.0443367,0,1685629250,361370515
1,NDI-MF2 s/n:3BAA9000,24366,Port:10,0,Enabled,0.275418,-0.0759939,0.00669773,0.958293,-37.8889,27.0389,-36.9469,0.0410797,0,1685629250,386349582
1,NDI-MF2 s/n:3BAA9000,24374,Port:10,0,Enabled,0.274118,-0.0746475,0.0102806,0.95874,-38.0023,27.1982,-36.8265,0.0512457,0,1685629250,411389965
1,NDI-MF2 s/n:3BAA9000,24382,Port:10,0,Enabled,0.272478,-0.0731064,0.0149311,0.959265,-38.0496,27.3466,-36.7208,0.0704295,0,1685629250,436311629
1,NDI-MF2 s/n:3BAA9000,24390,Port:10,0,Enabled,0.27529,-0.0747634,0.0100592,0.958397,-38.0735,27.7961,-36.8005,0.045168,0,1685629250,461314212
1,NDI-MF2 s/n:3BAA9000,24398,Port:10,0,Enabled,0.277463,-0.0774436,0.00591806,0.957592,-37.9859,28.1812,-36.944,0.0301195,0,1685629250,486331208
1,NDI-MF2 s/n:3BAA9000,24406,Port:10,0,Enabled,0.274575,-0.0752634,0.0143096,0.958509,-37.9627,28.2097,-36.905,0.0607848,0,1685629250,511373398
1,NDI-MF2 s/n:3BAA9000,24414,Port:10,0,Enabled,0.272337,-0.0719355,0.0193978,0.959313,-38.1608,28.3214,-36.6979,0.0802965,0,1685629250,536331869
1,NDI-MF2 s/n:3BAA9000,24422,Port:10,0,Enabled,0.273836,-0.0733008,0.0182932,0.958805,-38.068,28.6531,-36.7827,0.0737546,0,1685629250,561336118
1,NDI-MF2 s/n:3BAA9000,24430,Port:10,0,Enabled,0.277293,-0.0772912,0.0132031,0.957581,-37.8515,29.0632,-37.0795,0.0511094,0,1685629250,586349389
1,NDI-MF2 s/n:3BAA9000,24438,Port:10,0,Enabled,0.276159,-0.0757108,0.0153218,0.958003,-38.0109,29.2119,-36.969,0.0541616,0,1685629250,611255896
1,NDI-MF2 s/n:3BAA9000,24446,Port:10,0,Enabled,0.273733,-0.0737063,0.0224641,0.958714,-38.0155,29.3343,-36.8753,0.0868213,0,1685629250,636301310
1,NDI-MF2 s/n:3BAA9000,24454,Port:10,0,Enabled,0.275657,-0.0746612,0.0200358,0.958143,-37.9797,29.7527,-36.9569,0.0740553,0,1685629250,661461743
1,NDI-MF2 s/n:3BAA9000,24462,Port:10,0,Enabled,0.278727,-0.0780123,0.0140836,0.957093,-37.8473,30.1205,-37.1461,0.0443554,0,1685629250,686258617
1,NDI-MF2 s/n:3BAA9000,24470,Port:10,0,Enabled,0.278026,-0.077995,0.0174891,0.957242,-37.7972,30.203,-37.1883,0.0590525,0,1685629250,711257030
1,NDI-MF2 s/n:3BAA9000,24478,Port:10,0,Enabled,0.275203,-0.0735664,0.022161,0.958311,-38.1366,30.223,-36.8175,0.0729486,0,1685629250,736200852
1,NDI-MF2 s/n:3BAA9000,24486,Port:10,0,Enabled,0.275356,-0.0736658,0.0239407,0.958217,-38.0804,30.4434,-36.7921,0.0800195,0,1685629250,761224649
1,NDI-MF2 s/n:3BAA9000,24494,Port:10,0,Enabled,0.279549,-0.0783856,0.0180048,0.956757,-37.7667,30.8847,-37.1596,0.0511715,0,1685629250,786188589
1,NDI-MF2 s/n:3BAA9000,24502,Port:10,0,Enabled,0.278896,-0.0776661,0.0200781,0.956965,-37.7397,31.062,-37.1873,0.0569987,0,1685629250,811240100
1,NDI-MF2 s/n:3BAA9000,24510,Port:10,0,Enabled,0.275932,-0.0745869,0.0268275,0.957903,-37.8332,31.1001,-37.0336,0.0868506,0,1685629250,836190574
1,NDI-MF2 s/n:3BAA9000,24518,Port:10,0,Enabled,0.277225,-0.0744286,0.0252735,0.957585,-37.8737,31.3628,-37.0012,0.0779857,0,1685629250,861247008
1,NDI-MF2 s/n:3BAA9000,24526,Port:10,0,Enabled,0.280282,-0.0782748,0.0202403,0.956507,-37.6388,31.7644,-37.1964,0.0488777,0,1685629250,886205011
1,NDI-MF2 s/n:3BAA9000,24534,Port:10,0,Enabled,0.28061,-0.0783809,0.0202387,0.956402,-37.6465,31.909,-37.2367,0.0468834,0,1685629250,911189871
1,NDI-MF2 s/n:3BAA9000,24542,Port:10,0,Enabled,0.278037,-0.0747238,0.0252544,0.957327,-37.9317,32.007,-36.9473,0.0638689,0,1685629250,936181975
1,NDI-MF2 s/n:3BAA9000,24550,Port:10,0,Enabled,0.278345,-0.0755257,0.0263686,0.957144,-37.8447,32.3391,-36.9802,0.0650085,0,1685629250,961188140
1,NDI-MF2 s/n:3BAA9000,24558,Port:10,0,Enabled,0.281836,-0.0795825,0.0219878,0.955904,-37.5298,32.7836,-37.3552,0.0461656,0,1685629250,986163359
1,NDI-MF2 s/n:3BAA9000,24566,Port:10,0,Enabled,0.281229,-0.0788735,0.0240072,0.956093,-37.56,32.9548,-37.3666,0.050801,0,1685629251,11210659
1,NDI-MF2 s/n:3BAA9000,24574,Port:10,0,Enabled,0.278772,-0.0760173,0.0306829,0.956852,-37.6155,33.0362,-37.2655,0.0826073,0,1685629251,35184680
1,NDI-MF2 s/n:3BAA9000,24582,Port:10,0,Enabled,0.279954,-0.0759457,0.0286833,0.956575,-37.5788,33.3947,-37.2386,0.0711904,0,1685629251,61125348
1,NDI-MF2 s/n:3BAA9000,24590,Port:10,0,Enabled,0.281473,-0.0777376,0.0256494,0.956071,-37.4549,33.6832,-37.3306,0.0510852,0,1685629251,85208032
1,NDI-MF2 s/n:3BAA9000,24598,Port:10,0,Enabled,0.281837,-0.0792779,0.0270711,0.955798,-37.3073,33.8704,-37.5117,0.0550859,0,1685629251,110200683
1,NDI-MF2 s/n:3BAA9000,24606,Port:10,0,Enabled,0.279669,-0.0756742,0.0311424,0.956603,-37.5309,33.9649,-37.2907,0.0725921,0,1685629251,135223320
1,NDI-MF2 s/n:3BAA9000,24614,Port:10,0,Enabled,0.279664,-0.0756973,0.0324873,0.956558,-37.4526,34.1904,-37.2836,0.0756353,0,1685629251,160249980
1,NDI-MF2 s/n:3BAA9000,24622,Port:10,0,Enabled,0.283012,-0.0788019,0.0274466,0.955479,-37.1865,34.5704,-37.5232,0.0475949,0,1685629251,185177838
1,NDI-MF2 s/n:3BAA9000,24630,Port:10,0,Enabled,0.282499,-0.0782076,0.0284643,0.955651,-37.2029,34.7641,-37.5299,0.0484252,0,1685629251,210203190
1,NDI-MF2 s/n:3BAA9000,24638,Port:10,0,Enabled,0.280204,-0.0762724,0.0348754,0.95627,-37.2477,34.8417,-37.4807,0.0780414,0,1685629251,235154270
1,NDI-MF2 s/n:3BAA9000,24646,Port:10,0,Enabled,0.281151,-0.0758896,0.0338558,0.956059,-37.2116,35.1177,-37.4835,0.0748546,0,1685629251,260167445
1,NDI-MF2 s/n:3BAA9000,24654,Port:10,0,Enabled,0.28305,-0.0780486,0.0310088,0.955421,-36.9911,35.3928,-37.5991,0.0534043,0,1685629251,285156062
1,NDI-MF2 s/n:3BAA9000,24662,Port:10,0,Enabled,0.283361,-0.0790358,0.0324244,0.955201,-36.8153,35.5196,-37.8159,0.0578798,0,1685629251,310172265
1,NDI-MF2 s/n:3BAA9000,24670,Port:10,0,Enabled,0.281409,-0.0760828,0.0365334,0.955869,-36.9647,35.6385,-37.6434,0.0772964,0,1685629251,335165599
1,NDI-MF2 s/n:3BAA9000,24678,Port:10,0,Enabled,0.28144,-0.0755162,0.0371274,0.955882,-36.8854,35.8571,-37.6214,0.078242,0,1685629251,360135766
1,NDI-MF2 s/n:3BAA9000,24686,Port:10,0,Enabled,0.284675,-0.0784457,0.0319412,0.954875,-36.6198,36.234,-37.8507,0.0465168,0,1685629251,385123864
1,NDI-MF2 s/n:3BAA9000,24694,Port:10,0,Enabled,0.284491,-0.0785012,0.0316308,0.954936,-36.5601,36.3861,-37.9031,0.0389303,0,1685629251,410147078
1,NDI-MF2 s/n:3BAA9000,24702,Port:10,0,Enabled,0.28239,-0.0769802,0.0388411,0.955417,-36.5554,36.4916,-37.9446,0.0731366,0,1685629251,435128113
1,NDI-MF2 s/n:3BAA9000,24710,Port:10,0,Enabled,0.282741,-0.0754207,0.0383883,0.955456,-36.6147,36.7785,-37.8828,0.0750034,0,1685629251,460100689
1,NDI-MF2 s/n:3BAA9000,24718,Port:10,0,Enabled,0.284319,-0.0774178,0.0362467,0.954911,-36.4071,37.0979,-38.0069,0.0547197,0,1685629251,485109142
1,NDI-MF2 s/n:3BAA9000,24726,Port:10,0,Enabled,0.284975,-0.078845,0.0367082,0.954581,-36.2272,37.2975,-38.2391,0.0521,0,1685629251,510073992
1,NDI-MF2 s/n:3BAA9000,24734,Port:10,0,Enabled,0.283295,-0.0761948,0.0409603,0.955123,-36.3552,37.4514,-38.1329,0.0750125,0,1685629251,535114507
1,NDI-MF2 s/n:3BAA9000,24742,Port:10,0,Enabled,0.28315,-0.0750716,0.0422331,0.9552,-36.3486,37.7178,-38.0451,0.0826299,0,1685629251,560154658
1,NDI-MF2 s/n:3BAA9000,24750,Port:10,0,Enabled,0.285867,-0.0777248,0.0371765,0.954388,-36.0997,38.1009,-38.2417,0.0474493,0,1685629251,585118953
1,NDI-MF2 s/n:3BAA9000,24758,Port:10,0,Enabled,0.285634,-0.0781016,0.0371128,0.95443,-36.0294,38.3004,-38.3045,0.0397751,0,1685629251,610097367
1,NDI-MF2 s/n:3BAA9000,24766,Port:10,0,Enabled,0.283784,-0.0763946,0.0440018,0.954827,-36.0585,38.4069,-38.3551,0.0749003,0,1685629251,635135622
1,NDI-MF2 s/n:3BAA9000,24774,Port:10,0,Enabled,0.284168,-0.0750024,0.0439271,0.954827,-36.0941,38.7215,-38.2788,0.0808171,0,1685629251,660080645
1,NDI-MF2 s/n:3BAA9000,24782,Port:10,0,Enabled,0.285541,-0.0768488,0.0412985,0.954388,-35.9,39.0491,-38.368,0.0561932,0,1685629251,685171375
1,NDI-MF2 s/n:3BAA9000,24790,Port:10,0,Enabled,0.286284,-0.0786125,0.040892,0.954039,-35.6976,39.2668,-38.6238,0.0439026,0,1685629251,710065299
1,NDI-MF2 s/n:3BAA9000,24798,Port:10,0,Enabled,0.284781,-0.0757051,0.0446901,0.954553,-35.8642,39.4091,-38.4884,0.0686063,0,1685629251,735170387
1,NDI-MF2 s/n:3BAA9000,24806,Port:10,0,Enabled,0.284236,-0.0746053,0.0466502,0.954708,-35.8586,39.6307,-38.4111,0.082695,0,1685629251,760042117
1,NDI-MF2 s/n:3BAA9000,24814,Port:10,0,Enabled,0.286599,-0.0771517,0.0419485,0.954018,-35.5608,39.9803,-38.6,0.0446471,0,1685629251,785138695
1,NDI-MF2 s/n:3BAA9000,24822,Port:10,0,Enabled,0.28633,-0.0772079,0.042191,0.954083,-35.4686,40.1866,-38.6525,0.0378574,0,1685629251,810023230
1,NDI-MF2 s/n:3BAA9000,24830,Port:10,0,Enabled,0.284624,-0.0754845,0.0492922,0.954391,-35.4903,40.2966,-38.7326,0.0810544,0,1685629251,835140948
1,NDI-MF2 s/n:3BAA9000,24838,Port:10,0,Enabled,0.285194,-0.0742474,0.0489469,0.954336,-35.4847,40.5805,-38.6681,0.0885662,0,1685629251,860085578
1,NDI-MF2 s/n:3BAA9000,24846,Port:10,0,Enabled,0.286281,-0.0759818,0.0458155,0.954029,-35.2742,40.8511,-38.7717,0.0571949,0,1685629251,885016999
1,NDI-MF2 s/n:3BAA9000,24854,Port:10,0,Enabled,0.287043,-0.0778268,0.0442147,0.953726,-35.0562,41.0347,-38.9762,0.0337266,0,1685629251,909994274
1,NDI-MF2 s/n:3BAA9000,24862,Port:10,0,Enabled,0.285391,-0.074906,0.0493814,0.954203,-35.1781,41.1119,-38.8971,0.0689746,0,1685629251,935101317
1,NDI-MF2 s/n:3BAA9000,24870,Port:10,0,Enabled,0.28475,-0.0734086,0.0522799,0.954356,-35.1866,41.2923,-38.8158,0.0955715,0,1685629251,960042540
1,NDI-MF2 s/n:3BAA9000,24878,Port:10,0,Enabled,0.286945,-0.075807,0.0480167,0.953735,-34.8569,41.5849,-39.0017,0.0544935,0,1685629251,985040667
1,NDI-MF2 s/n:3BAA9000,24886,Port:10,0,Enabled,0.286979,-0.0765503,0.0469803,0.953717,-34.7233,41.7581,-39.0939,0.0371403,0,1685629252,9975930
1,NDI-MF2 s/n:3BAA9000,24894,Port:10,0,Enabled,0.285886,-0.0751275,0.0525537,0.953867,-34.7033,41.8827,-39.2028,0.0705786,0,1685629252,34987095
1,NDI-MF2 s/n:3BAA9000,24902,Port:10,0,Enabled,0.285853,-0.073384,0.0535729,0.953956,-34.7074,42.1709,-39.1317,0.0918803,0,1685629252,60012162
1,NDI-MF2 s/n:3BAA9000,24910,Port:10,0,Enabled,0.286796,-0.0742859,0.0502216,0.953786,-34.5024,42.4257,-39.1794,0.0651502,0,1685629252,85040547
1,NDI-MF2 s/n:3BAA9000,24918,Port:10,0,Enabled,0.287256,-0.0764627,0.0491425,0.953532,-34.1887,42.5829,-39.4167,0.0341672,0,1685629252,109956823
1,NDI-MF2 s/n:3BAA9000,24926,Port:10,0,Enabled,0.286324,-0.0738414,0.0532947,0.953795,-34.23,42.697,-39.4092,0.0681914,0,1685629252,134997053
1,NDI-MF2 s/n:3BAA9000,24934,Port:10,0,Enabled,0.285688,-0.0725371,0.0565086,0.953901,-34.1535,42.8663,-39.3986,0.0979231,0,1685629252,159951205
1,NDI-MF2 s/n:3BAA9000,24942,Port:10,0,Enabled,0.287458,-0.0743172,0.0517855,0.953501,-33.8664,43.1111,-39.5208,0.0562367,0,1685629252,184980320
1,NDI-MF2 s/n:3BAA9000,24950,Port:10,0,Enabled,0.287719,-0.0750122,0.0501868,0.953453,-33.6852,43.2104,-39.5923,0.0305978,0,1685629252,209920610
1,NDI-MF2 s/n:3BAA9000,24958,Port:10,0,Enabled,0.286456,-0.0736539,0.0567033,0.953574,-33.6482,43.2459,-39.69,0.0740625,0,1685629252,234964888
1,NDI-MF2 s/n:3BAA9000,24966,Port:10,0,Enabled,0.286531,-0.0718912,0.0567879,0.953681,-33.6222,43.4654,-39.5917,0.0943248,0,1685629252,259930126
1,NDI-MF2 s/n:3BAA9000,24974,Port:10,0,Enabled,0.287349,-0.0728352,0.0540641,0.953521,-33.3571,43.7397,-39.6678,0.0629565,0,1685629252,284980876
1,NDI-MF2 s/n:3BAA9000,24982,Port:10,0,Enabled,0.288052,-0.0750782,0.0514405,0.95328,-33.0077,43.9243,-39.9264,0.0198495,0,1685629252,309915490
1,NDI-MF2 s/n:3BAA9000,24990,Port:10,0,Enabled,0.286788,-0.072746,0.0579574,0.953468,-33.0208,44.0369,-40.0169,0.0676295,0,1685629252,334944675
1,NDI-MF2 s/n:3BAA9000,24998,Port:10,0,Enabled,0.286188,-0.0708453,0.0611936,0.95359,-32.9979,44.2192,-40.0046,0.107484,0,1685629252,359982429
1,NDI-MF2 s/n:3BAA9000,25006,Port:10,0,Enabled,0.287723,-0.072309,0.0575091,0.953247,-32.6998,44.5147,-40.1146,0.0707487,0,1685629252,384917028
1,NDI-MF2 s/n:3BAA9000,25014,Port:10,0,Enabled,0.287944,-0.0732827,0.0547,0.953271,-32.4622,44.6238,-40.1871,0.0304741,0,1685629252,409880992
1,NDI-MF2 s/n:3BAA9000,25022,Port:10,0,Enabled,0.287443,-0.072254,0.0598032,0.953195,-32.3802,44.6903,-40.3446,0.0651015,0,1685629252,434928228
1,NDI-MF2 s/n:3BAA9000,25030,Port:10,0,Enabled,0.2874,-0.0710499,0.0598838,0.953293,-32.4072,44.8255,-40.2219,0.0816282,0,1685629252,459880256
1,NDI-MF2 s/n:3BAA9000,25038,Port:10,0,Enabled,0.287957,-0.0713935,0.058277,0.953198,-32.2886,45.0106,-40.208,0.0642512,0,1685629252,483969945
1,NDI-MF2 s/n:3BAA9000,25046,Port:10,0,Enabled,0.288087,-0.0726024,0.0581442,0.953076,-32.0534,45.1619,-40.3702,0.0354707,0,1685629252,509867102
1,NDI-MF2 s/n:3BAA9000,25054,Port:10,0,Enabled,0.287293,-0.0715099,0.0628099,0.953103,-32.0673,45.31,-40.4266,0.0766483,0,1685629252,534876712
1,NDI-MF2 s/n:3BAA9000,25062,Port:10,0,Enabled,0.287079,-0.0706698,0.0655387,0.953046,-32.0097,45.5487,-40.4661,0.107999,0,1685629252,558947667
1,NDI-MF2 s/n:3BAA9000,25070,Port:10,0,Enabled,0.288741,-0.0714208,0.0577268,0.952993,-31.7914,45.9303,-40.4027,0.0414414,0,1685629252,584903252
1,NDI-MF2 s/n:3BAA9000,25078,Port:10,0,Enabled,0.288997,-0.0721152,0.0551149,0.953018,-31.6113,46.178,-40.4141,0.00641297,0,1685629252,608935197
1,NDI-MF2 s/n:3BAA9000,25086,Port:10,0,Enabled,0.288155,-0.0713323,0.058745,0.953115,-31.5338,46.2764,-40.5712,0.0196707,0,1685629252,633903572
1,NDI-MF2 s/n:3BAA9000,25094,Port:10,0,Enabled,0.286941,-0.069371,0.0630129,0.953353,-31.5315,46.3582,-40.6024,0.0775145,0,1685629252,658906680
1,NDI-MF2 s/n:3BAA9000,25102,Port:10,0,Enabled,0.2872,-0.0699234,0.0604321,0.953402,-31.2527,46.5306,-40.6238,0.0435258,0,1685629252,683875350
1,NDI-MF2 s/n:3BAA9000,25110,Port:10,0,Enabled,0.288175,-0.0714492,0.0600659,0.953018,-30.8899,46.8028,-40.8704,0.0121024,0,1685629252,708876074
1,NDI-MF2 s/n:3BAA9000,25118,Port:10,0,Enabled,0.287182,-0.070502,0.0663897,0.952968,-30.8675,46.9263,-41.1087,0.0592628,0,1685629252,733904550
1,NDI-MF2 s/n:3BAA9000,25126,Port:10,0,Enabled,0.286484,-0.0698255,0.0700833,0.952964,-30.8022,47.0912,-41.2693,0.101678,0,1685629252,758881281
1,NDI-MF2 s/n:3BAA9000,25134,Port:10,0,Enabled,0.287843,-0.0701796,0.0617886,0.953102,-30.4868,47.3465,-41.1474,0.0278148,0,1685629252,783872553
1,NDI-MF2 s/n:3BAA9000,25142,Port:10,0,Enabled,0.288345,-0.0703982,0.0616613,0.952942,-30.2275,47.5206,-41.3359,0.00747703,0,1685629252,808845614
1,NDI-MF2 s/n:3BAA9000,25150,Port:10,0,Enabled,0.28722,-0.0694698,0.0680204,0.952918,-30.2041,47.538,-41.5882,0.0481698,0,1685629252,833890545
1,NDI-MF2 s/n:3BAA9000,25158,Port:10,0,Enabled,0.28606,-0.0687346,0.0708454,0.953114,-30.2164,47.6089,-41.6722,0.0973941,0,1685629252,858899161
1,NDI-MF2 s/n:3BAA9000,25166,Port:10,0,Enabled,0.286595,-0.0688734,0.0669224,0.953227,-29.985,47.8095,-41.5745,0.0622026,0,1685629252,883910521
1,NDI-MF2 s/n:3BAA9000,25174,Port:10,0,Enabled,0.288455,-0.069053,0.0642128,0.952839,-29.6743,48.1455,-41.6208,0.0117494,0,1685629252,908856222
1,NDI-MF2 s/n:3BAA9000,25182,Port:10,0,Enabled,0.287183,-0.0683417,0.0672544,0.953065,-29.6608,48.1883,-41.8057,0.0317352,0,1685629252,933884595
1,NDI-MF2 s/n:3BAA9000,25190,Port:10,0,Enabled,0.285837,-0.0687266,0.0733026,0.952996,-29.5498,48.2381,-42.1679,0.0815028,0,1685629252,958827580
1,NDI-MF2 s/n:3BAA9000,25198,Port:10,0,Enabled,0.286782,-0.0680591,0.0673096,0.953202,-29.3402,48.5294,-42.0023,0.0397417,0,1685629252,983852137
1,NDI-MF2 s/n:3BAA9000,25206,Port:10,0,Enabled,0.287399,-0.0680027,0.065964,0.953114,-29.1334,48.7801,-42.0246,0.0101009,0,1685629253,8886738
1,NDI-MF2 s/n:3BAA9000,25214,Port:10,0,Enabled,0.287196,-0.0673414,0.070479,0.952899,-29.0221,48.9183,-42.304,0.0311909,0,1685629253,33828504
1,NDI-MF2 s/n:3BAA9000,25222,Port:10,0,Enabled,0.285416,-0.0675149,0.0719923,0.953308,-28.956,48.9267,-42.4657,0.0562591,0,1685629253,58828743
1,NDI-MF2 s/n:3BAA9000,25230,Port:10,0,Enabled,0.285618,-0.0674236,0.0709793,0.95333,-28.6881,49.1128,-42.5058,0.0463293,0,1685629253,83838270
1,NDI-MF2 s/n:3BAA9000,25238,Port:10,0,Enabled,0.287011,-0.066667,0.0682019,0.953168,-28.4137,49.451,-42.4161,0.00903555,0,1685629253,108887442
1,NDI-MF2 s/n:3BAA9000,25246,Port:10,0,Enabled,0.286457,-0.0664775,0.0724551,0.953034,-28.2616,49.5168,-42.7218,0.0308882,0,1685629253,133850438
1,NDI-MF2 s/n:3BAA9000,25254,Port:10,0,Enabled,0.285615,-0.0670877,0.0768135,0.952902,-28.0874,49.5368,-43.0758,0.0656637,0,1685629253,158822987
1,NDI-MF2 s/n:3BAA9000,25262,Port:10,0,Enabled,0.285884,-0.0661296,0.0718095,0.953279,-27.8656,49.7291,-42.8909,0.037467,0,1685629253,183856048
1,NDI-MF2 s/n:3BAA9000,25270,Port:10,0,Enabled,0.286328,-0.0654425,0.0705827,0.953285,-27.7101,49.9024,-42.8323,0.0160705,0,1685629253,208793690
1,NDI-MF2 s/n:3BAA9000,25278,Port:10,0,Enabled,0.286208,-0.0654035,0.0751241,0.952976,-27.5928,50.0106,-43.1249,0.0346068,0,1685629253,233762367
1,NDI-MF2 s/n:3BAA9000,25286,Port:10,0,Enabled,0.285018,-0.0657016,0.0762857,0.95322,-27.5054,50.0236,-43.3292,0.0537757,0,1685629253,258799606
1,NDI-MF2 s/n:3BAA9000,25294,Port:10,0,Enabled,0.285162,-0.0653087,0.0747229,0.953328,-27.3124,50.2443,-43.2719,0.0421225,0,1685629253,283757272
1,NDI-MF2 s/n:3BAA9000,25302,Port:10,0,Enabled,0.285958,-0.0637816,0.0708241,0.953491,-27.1795,50.6233,-42.9828,0.00925293,0,1685629253,308752953
1,NDI-MF2 s/n:3BAA9000,25310,Port:10,0,Enabled,0.285342,-0.0636761,0.0744509,0.953406,-27.0246,50.6548,-43.307,0.0174097,0,1685629253,333753592
1,NDI-MF2 s/n:3BAA9000,25318,Port:10,0,Enabled,0.28495,-0.0645136,0.080381,0.952985,-26.7741,50.6338,-43.8854,0.0543863,0,1685629253,358933421
1,NDI-MF2 s/n:3BAA9000,25326,Port:10,0,Enabled,0.284727,-0.0639557,0.0763026,0.953424,-26.527,50.7541,-43.8128,0.0415687,0,1685629253,383877180
1,NDI-MF2 s/n:3BAA9000,25334,Port:10,0,Enabled,0.28492,-0.0631678,0.074309,0.953577,-26.3118,50.9572,-43.7017,0.0217174,0,1685629253,408717512
1,NDI-MF2 s/n:3BAA9000,25342,Port:10,0,Enabled,0.285461,-0.0626584,0.0780017,0.953153,-26.1572,51.0322,-43.9281,0.0234942,0,1685629253,433751501
1,NDI-MF2 s/n:3BAA9000,25350,Port:10,0,Enabled,0.284787,-0.0629978,0.0797811,0.953186,-25.9786,51.0309,-44.2106,0.0403247,0,1685629253,458773202
1,NDI-MF2 s/n:3BAA9000,25358,Port:10,0,Enabled,0.284734,-0.062813,0.0794214,0.953244,-25.7636,51.1592,-44.2848,0.0435153,0,1685629253,483733344
1,NDI-MF2 s/n:3BAA9000,25366,Port:10,0,Enabled,0.284785,-0.0608726,0.0753468,0.953685,-25.6291,51.438,-43.9486,0.0152462,0,1685629253,508769285
1,NDI-MF2 s/n:3BAA9000,25374,Port:10,0,Enabled,0.284701,-0.0612347,0.0790131,0.95339,-25.4006,51.4955,-44.3176,0.0222111,0,1685629253,533715346
1,NDI-MF2 s/n:3BAA9000,25382,Port:10,0,Enabled,0.284666,-0.0618465,0.0832994,0.952996,-25.1495,51.5047,-44.7968,0.0492551,0,1685629253,558749071
1,NDI-MF2 s/n:3BAA9000,25390,Port:10,0,Enabled,0.284262,-0.0607358,0.0794701,0.953515,-24.982,51.7229,-44.5668,0.0345718,0,1685629253,583682822
1,NDI-MF2 s/n:3BAA9000,25398,Port:10,0,Enabled,0.283729,-0.059577,0.0768678,0.95396,-24.8566,51.9304,-44.3864,0.0278308,0,1685629253,608728161
1,NDI-MF2 s/n:3BAA9000,25406,Port:10,0,Enabled,0.284159,-0.0597609,0.0811704,0.953464,-24.6413,52.0609,-44.7102,0.0199198,0,1685629253,633718716
1,NDI-MF2 s/n:3BAA9000,25414,Port:10,0,Enabled,0.284102,-0.0600288,0.083525,0.953261,-24.4442,52.0677,-45.108,0.0429772,0,1685629253,658720575
1,NDI-MF2 s/n:3BAA9000,25422,Port:10,0,Enabled,0.283668,-0.0596732,0.0819499,0.953549,-24.2358,52.1695,-45.0988,0.0401054,0,1685629253,683672014
1,NDI-MF2 s/n:3BAA9000,25430,Port:10,0,Enabled,0.28341,-0.0577975,0.0790137,0.953989,-24.1045,52.4051,-44.7533,0.018272,0,1685629253,708717338
1,NDI-MF2 s/n:3BAA9000,25438,Port:10,0,Enabled,0.283402,-0.0575226,0.0816303,0.953788,-23.8728,52.4316,-45.1239,0.019483,0,1685629253,733728133
1,NDI-MF2 s/n:3BAA9000,25446,Port:10,0,Enabled,0.284413,-0.0586961,0.0877573,0.952871,-23.5212,52.4315,-45.8473,0.0481581,0,1685629253,758719724
1,NDI-MF2 s/n:3BAA9000,25454,Port:10,0,Enabled,0.283289,-0.0575584,0.0834298,0.953663,-23.2971,52.4902,-45.714,0.0408253,0,1685629253,783653008
1,NDI-MF2 s/n:3BAA9000,25462,Port:10,0,Enabled,0.282946,-0.0569695,0.0826355,0.95387,-23.089,52.6527,-45.5905,0.0287373,0,1685629253,808646087
1,NDI-MF2 s/n:3BAA9000,25470,Port:10,0,Enabled,0.283094,-0.0559644,0.0839601,0.95377,-22.9543,52.7457,-45.6468,0.0179543,0,1685629253,833645725
1,NDI-MF2 s/n:3BAA9000,25478,Port:10,0,Enabled,0.283485,-0.0565564,0.0868732,0.953358,-22.6546,52.7712,-46.1402,0.0373657,0,1685629253,858648275
1,NDI-MF2 s/n:3BAA9000,25486,Port:10,0,Enabled,0.283267,-0.0560128,0.0860558,0.953529,-22.4206,52.8847,-46.1643,0.036334,0,1685629253,883649272
1,NDI-MF2 s/n:3BAA9000,25494,Port:10,0,Enabled,0.282178,-0.0544375,0.0825016,0.954257,-22.3252,53.038,-45.7929,0.0272565,0,1685629253,908639200
1,NDI-MF2 s/n:3BAA9000,25502,Port:10,0,Enabled,0.282539,-0.0542928,0.0853756,0.953905,-22.0776,53.1099,-46.1594,0.0237588,0,1685629253,933618537
1,NDI-MF2 s/n:3BAA9000,25510,Port:10,0,Enabled,0.284121,-0.0555921,0.0914187,0.9528,-21.7776,53.1719,-46.8256,0.047374,0,1685629253,958671318
1,NDI-MF2 s/n:3BAA9000,25518,Port:10,0,Enabled,0.283325,-0.0543774,0.0886016,0.953373,-21.6818,53.292,-46.5961,0.0373717,0,1685629253,983605589
1,NDI-MF2 s/n:3BAA9000,25526,Port:10,0,Enabled,0.281861,-0.0535824,0.0856932,0.954117,-21.6033,53.4301,-46.3699,0.031403,0,1685629254,8605950
1,NDI-MF2 s/n:3BAA9000,25534,Port:10,0,Enabled,0.281979,-0.0530503,0.0875386,0.953945,-21.4414,53.5692,-46.5736,0.0261258,0,1685629254,33733605
1,NDI-MF2 s/n:3BAA9000,25542,Port:10,0,Enabled,0.282221,-0.0529459,0.0890121,0.953743,-21.2004,53.6713,-46.9168,0.0340575,0,1685629254,58594247
1,NDI-MF2 s/n:3BAA9000,25550,Port:10,0,Enabled,0.281483,-0.0519877,0.0877256,0.954132,-21.0262,53.7969,-46.8421,0.0282453,0,1685629254,83636037
1,NDI-MF2 s/n:3BAA9000,25558,Port:10,0,Enabled,0.279959,-0.0503931,0.084767,0.954934,-20.879,53.8937,-46.6333,0.0373205,0,1685629254,107612357
1,NDI-MF2 s/n:3BAA9000,25566,Port:10,0,Enabled,0.281214,-0.0507245,0.0892049,0.954143,-20.5548,53.9264,-47.1912,0.0261106,0,1685629254,133552074
1,NDI-MF2 s/n:3BAA9000,25574,Port:10,0,Enabled,0.282506,-0.0511875,0.093441,0.953331,-20.2115,53.9536,-47.6913,0.0404692,0,1685629254,157632421
1,NDI-MF2 s/n:3BAA9000,25582,Port:10,0,Enabled,0.281187,-0.0499951,0.090349,0.954081,-19.9683,53.992,-47.5259,0.0335043,0,1685629254,183602954
1,NDI-MF2 s/n:3BAA9000,25590,Port:10,0,Enabled,0.279285,-0.0486814,0.0867896,0.955038,-19.8062,53.9669,-47.282,0.04509,0,1685629254,207682625
1,NDI-MF2 s/n:3BAA9000,25598,Port:10,0,Enabled,0.279772,-0.0485859,0.089764,0.954625,-19.5735,54.0195,-47.5383,0.0299862,0,1685629254,232650191
1,NDI-MF2 s/n:3BAA9000,25606,Port:10,0,Enabled,0.282639,-0.049803,0.0960821,0.953102,-19.2208,54.1014,-48.1813,0.0448223,0,1685629254,257665251
1,NDI-MF2 s/n:3BAA9000,25614,Port:10,0,Enabled,0.284437,-0.0492047,0.0986497,0.952336,-19.0754,54.0765,-48.4173,0.10213,0,1685629254,282601241
1,NDI-MF2 s/n:3BAA9000,25622,Port:10,0,Enabled,0.276915,-0.0443573,0.0830595,0.95627,-19.0526,54.0233,-47.5759,0.0688438,0,1685629254,307588655
1,NDI-MF2 s/n:3BAA9000,25630,Port:10,0,Enabled,0.27871,-0.0459795,0.0898921,0.955053,-18.5899,54.1483,-48.1803,0.0495761,0,1685629254,332580147
1,NDI-MF2 s/n:3BAA9000,25638,Port:10,0,Enabled,0.281162,-0.0470054,0.0965802,0.95363,-18.2594,54.3417,-48.7016,0.0407757,0,1685629254,357625411
1,NDI-MF2 s/n:3BAA9000,25646,Port:10,0,Enabled,0.277972,-0.0450314,0.0900058,0.955303,-18.2517,54.4808,-48.2646,0.0454348,0,1685629254,382664350
1,NDI-MF2 s/n:3BAA9000,25654,Port:10,0,Enabled,0.276099,-0.0440127,0.0872857,0.956145,-18.2367,54.5673,-48.1365,0.0720692,0,1685629254,407583128
1,NDI-MF2 s/n:3BAA9000,25662,Port:10,0,Enabled,0.277461,-0.0445408,0.0919765,0.955287,-18.0008,54.6412,-48.6392,0.0452808,0,1685629254,432578832
1,NDI-MF2 s/n:3BAA9000,25670,Port:10,0,Enabled,0.279102,-0.0446592,0.0957758,0.954429,-17.6897,54.7137,-49.0283,0.032497,0,1685629254,457616881
1,NDI-MF2 s/n:3BAA9000,25678,Port:10,0,Enabled,0.278576,-0.0442188,0.095644,0.954616,-17.4466,54.8071,-49.0198,0.0277836,0,1685629254,482550255
1,NDI-MF2 s/n:3BAA9000,25686,Port:10,0,Enabled,0.274512,-0.0418755,0.0888906,0.95655,-17.3852,54.8057,-48.6656,0.0736191,0,1685629254,507578276
1,NDI-MF2 s/n:3BAA9000,25694,Port:10,0,Enabled,0.27695,-0.0426378,0.0952599,0.9552,-16.9477,55.011,-49.3216,0.035196,0,1685629254,532612790
1,NDI-MF2 s/n:3BAA9000,25702,Port:10,0,Enabled,0.279727,-0.0427654,0.100785,0.953817,-16.6665,55.0861,-49.7906,0.0541723,0,1685629254,557554886
1,NDI-MF2 s/n:3BAA9000,25710,Port:10,0,Enabled,0.274514,-0.0402009,0.0914235,0.956382,-16.5048,55.0571,-49.2599,0.0632605,0,1685629254,582584800
1,NDI-MF2 s/n:3BAA9000,25718,Port:10,0,Enabled,0.272497,-0.0396463,0.0885706,0.957251,-16.2781,55.0622,-49.0891,0.09775,0,1685629254,607528283
1,NDI-MF2 s/n:3BAA9000,25726,Port:10,0,Enabled,0.274623,-0.0402737,0.0947321,0.956027,-15.9421,55.1502,-49.6567,0.0530733,0,1685629254,632535723
1,NDI-MF2 s/n:3BAA9000,25734,Port:10,0,Enabled,0.277756,-0.0408302,0.100781,0.954478,-15.6843,55.2925,-50.2587,0.0335324,0,1685629254,657548707
1,NDI-MF2 s/n:3BAA9000,25742,Port:10,0,Enabled,0.277005,-0.0400684,0.100129,0.954797,-15.5221,55.3247,-50.287,0.0312837,0,1685629254,682529199
1,NDI-MF2 s/n:3BAA9000,25750,Port:10,0,Enabled,0.2744,-0.0387812,0.0969017,0.955935,-15.3998,55.3638,-50.1863,0.0370394,0,1685629254,707508814
1,NDI-MF2 s/n:3BAA9000,25758,Port:10,0,Enabled,0.275461,-0.0385823,0.099903,0.955329,-15.2592,55.5198,-50.5188,0.0251407,0,1685629254,732528980
1,NDI-MF2 s/n:3BAA9000,25766,Port:10,0,Enabled,0.27575,-0.0383495,0.101138,0.955125,-15.0449,55.5548,-50.6753,0.0326543,0,1685629254,757512905
1,NDI-MF2 s/n:3BAA9000,25774,Port:10,0,Enabled,0.272453,-0.0366536,0.0956856,0.956698,-14.8479,55.4183,-50.3743,0.0536561,0,1685629254,782571907
1,NDI-MF2 s/n:3BAA9000,25782,Port:10,0,Enabled,0.272483,-0.0362184,0.0972223,0.956551,-14.5663,55.4394,-50.6198,0.0488142,0,1685629254,807504220
1,NDI-MF2 s/n:3BAA9000,25790,Port:10,0,Enabled,0.27306,-0.0355331,0.0992333,0.956206,-14.3296,55.5147,-50.9842,0.0364714,0,1685629254,832537023
1,NDI-MF2 s/n:3BAA9000,25798,Port:10,0,Enabled,0.274487,-0.0357032,0.102308,0.955466,-14.045,55.604,-51.2727,0.0308984,0,1685629254,857519448
1,NDI-MF2 s/n:3BAA9000,25806,Port:10,0,Enabled,0.273772,-0.0350637,0.101684,0.955762,-13.7988,55.5307,-51.2195,0.0255006,0,1685629254,882551366
1,NDI-MF2 s/n:3BAA9000,25814,Port:10,0,Enabled,0.270681,-0.0336208,0.0974074,0.957138,-13.6058,55.3801,-51.0749,0.0598435,0,1685629254,907479894
1,NDI-MF2 s/n:3BAA9000,25822,Port:10,0,Enabled,0.272512,-0.0334965,0.101713,0.956175,-13.3245,55.5351,-51.5964,0.0273271,0,1685629254,932463324
1,NDI-MF2 s/n:3BAA9000,25830,Port:10,0,Enabled,0.27263,-0.0327824,0.102881,0.956041,-13.124,55.6313,-51.8969,0.0320987,0,1685629254,957482408
1,NDI-MF2 s/n:3BAA9000,25838,Port:10,0,Enabled,0.270571,-0.031791,0.0997051,0.956995,-12.8943,55.6361,-51.6723,0.0421427,0,1685629254,982492579
1,NDI-MF2 s/n:3BAA9000,25846,Port:10,0,Enabled,0.269884,-0.0314896,0.100005,0.957168,-12.6626,55.6656,-51.7689,0.0495099,0,1685629255,7469866
1,NDI-MF2 s/n:3BAA9000,25854,Port:10,0,Enabled,0.269548,-0.0303987,0.100455,0.957251,-12.4742,55.7593,-52.1172,0.0487521,0,1685629255,32464155
1,NDI-MF2 s/n:3BAA9000,25862,Port:10,0,Enabled,0.27027,-0.0300634,0.102358,0.956856,-12.2955,55.8745,-52.3748,0.031898,0,1685629255,57491938
1,NDI-MF2 s/n:3BAA9000,25870,Port:10,0,Enabled,0.27003,-0.0297916,0.103154,0.956847,-12.08,55.8206,-52.4115,0.0272874,0,1685629255,82420302
1,NDI-MF2 s/n:3BAA9000,25878,Port:10,0,Enabled,0.268205,-0.0289143,0.100639,0.957654,-11.852,55.7385,-52.3257,0.0538088,0,1685629255,107444209
1,NDI-MF2 s/n:3BAA9000,25886,Port:10,0,Enabled,0.268877,-0.0285082,0.102972,0.95723,-11.6222,55.7516,-52.7641,0.0350179,0,1685629255,132433627
1,NDI-MF2 s/n:3BAA9000,25894,Port:10,0,Enabled,0.268195,-0.0275479,0.102786,0.95747,-11.4032,55.7327,-53.0493,0.0398066,0,1685629255,157399493
1,NDI-MF2 s/n:3BAA9000,25902,Port:10,0,Enabled,0.267761,-0.0268934,0.102701,0.957619,-11.1472,55.8058,-52.8278,0.0369053,0,1685629255,182436256
1,NDI-MF2 s/n:3BAA9000,25910,Port:10,0,Enabled,0.267277,-0.0266944,0.102777,0.957752,-10.8143,55.8137,-53.0125,0.0422661,0,1685629255,207425801
1,NDI-MF2 s/n:3BAA9000,25918,Port:10,0,Enabled,0.26646,-0.0254901,0.102106,0.958084,-10.5608,55.818,-53.2439,0.0558102,0,1685629255,232422002
1,NDI-MF2 s/n:3BAA9000,25926,Port:10,0,Enabled,0.266636,-0.0247843,0.103286,0.957927,-10.348,55.8455,-53.5044,0.0413748,0,1685629255,257428295
1,NDI-MF2 s/n:3BAA9000,25934,Port:10,0,Enabled,0.266665,-0.024529,0.104391,0.957805,-10.1049,55.8232,-53.567,0.03209,0,1685629255,282391667
1,NDI-MF2 s/n:3BAA9000,25942,Port:10,0,Enabled,0.265933,-0.0242313,0.104168,0.958041,-9.87498,55.7898,-53.5828,0.0405192,0,1685629255,307420843
1,NDI-MF2 s/n:3BAA9000,25950,Port:10,0,Enabled,0.265534,-0.0231947,0.104365,0.958155,-9.74791,55.8922,-53.9043,0.041184,0,1685629255,332355154
1,NDI-MF2 s/n:3BAA9000,25958,Port:10,0,Enabled,0.264407,-0.0214942,0.103599,0.95859,-9.66137,55.8686,-54.165,0.0485038,0,1685629255,357373405
1,NDI-MF2 s/n:3BAA9000,25966,Port:10,0,Enabled,0.264958,-0.0219113,0.105583,0.958212,-9.39338,55.8981,-54.0752,0.0284067,0,1685629255,382399765
1,NDI-MF2 s/n:3BAA9000,25974,Port:10,0,Enabled,0.264757,-0.0219896,0.106192,0.958198,-9.0428,55.8511,-54.289,0.0289263,0,1685629255,407353972
1,NDI-MF2 s/n:3BAA9000,25982,Port:10,0,Enabled,0.263732,-0.0207912,0.105368,0.958599,-8.77853,55.8819,-54.5696,0.0439929,0,1685629255,432379544
1,NDI-MF2 s/n:3BAA9000,25990,Port:10,0,Enabled,0.263097,-0.0193698,0.105373,0.958802,-8.64627,55.9519,-54.7729,0.0400234,0,1685629255,457317880
1,NDI-MF2 s/n:3BAA9000,25998,Port:10,0,Enabled,0.26261,-0.0188117,0.105801,0.9589,-8.4538,55.9098,-54.8347,0.0375515,0,1685629255,482374740
1,NDI-MF2 s/n:3BAA9000,26006,Port:10,0,Enabled,0.263259,-0.0194215,0.107534,0.958517,-8.11682,55.9086,-54.7933,0.0242641,0,1685629255,507333486
1,NDI-MF2 s/n:3BAA9000,26014,Port:10,0,Enabled,0.262748,-0.0183715,0.10768,0.958661,-7.91466,55.9271,-55.1561,0.0259336,0,1685629255,532305854
1,NDI-MF2 s/n:3BAA9000,26022,Port:10,0,Enabled,0.26119,-0.0167116,0.106099,0.959293,-7.81059,55.8994,-55.4183,0.0422876,0,1685629255,557307424
1,NDI-MF2 s/n:3BAA9000,26030,Port:10,0,Enabled,0.261209,-0.0165453,0.10726,0.959162,-7.58005,55.8605,-55.4167,0.0303101,0,1685629255,582358924
1,NDI-MF2 s/n:3BAA9000,26038,Port:10,0,Enabled,0.26108,-0.0163182,0.107761,0.959145,-7.27193,55.8186,-55.6229,0.0288233,0,1685629255,606392798
1,NDI-MF2 s/n:3BAA9000,26046,Port:10,0,Enabled,0.260385,-0.0153123,0.10726,0.959406,-7.05304,55.8005,-55.8722,0.035288,0,1685629255,632298922
1,NDI-MF2 s/n:3BAA9000,26054,Port:10,0,Enabled,0.259807,-0.0142926,0.107497,0.959552,-6.90675,55.8388,-56.0549,0.0305219,0,1685629255,656333775
1,NDI-MF2 s/n:3BAA9000,26062,Port:10,0,Enabled,0.259009,-0.0135577,0.107669,0.959759,-6.728,55.7638,-56.1739,0.0338295,0,1685629255,681332443
1,NDI-MF2 s/n:3BAA9000,26070,Port:10,0,Enabled,0.259315,-0.0137588,0.109041,0.959519,-6.38272,55.7376,-56.2313,0.0259457,0,1685629255,706370783
1,NDI-MF2 s/n:3BAA9000,26078,Port:10,0,Missing,,,,,,,,,0,1685629255,738268772
1,NDI-MF2 s/n:3BAA9000,26086,Port:10,0,Enabled,0.257356,-0.0108688,0.107313,0.960278,-6.23608,55.8034,-56.5872,0.0475704,0,1685629255,763363356
1,NDI-MF2 s/n:3BAA9000,26094,Port:10,0,Enabled,0.257931,-0.0110937,0.109652,0.959857,-5.74845,55.7603,-56.8015,0.0215876,0,1685629255,781304125
1,NDI-MF2 s/n:3BAA9000,26102,Port:10,0,Enabled,0.257759,-0.0110318,0.110458,0.959812,-5.37187,55.6458,-57.0341,0.0249994,0,1685629255,806342466
1,NDI-MF2 s/n:3BAA9000,26110,Port:10,0,Enabled,0.256941,-0.00983507,0.109448,0.960159,-5.20042,55.6007,-57.1985,0.0350328,0,1685629255,831318178
1,NDI-MF2 s/n:3BAA9000,26118,Port:10,0,Enabled,0.256323,-0.00869096,0.109288,0.960354,-5.03687,55.5455,-57.3662,0.0326565,0,1685629255,856311915
1,NDI-MF2 s/n:3BAA9000,26126,Port:10,0,Enabled,0.255702,-0.00787126,0.109604,0.96049,-4.9886,55.4254,-57.424,0.0317168,0,1685629255,881336757
1,NDI-MF2 s/n:3BAA9000,26134,Port:10,0,Enabled,0.256163,-0.00854552,0.111122,0.960187,-4.58511,55.3612,-57.527,0.0214329,0,1685629255,906331332
1,NDI-MF2 s/n:3BAA9000,26142,Port:10,0,Enabled,0.255611,-0.00767064,0.110897,0.960368,-4.33418,55.3734,-57.7688,0.0214603,0,1685629255,931278639
1,NDI-MF2 s/n:3BAA9000,26150,Port:10,0,Enabled,0.254152,-0.00583061,0.109679,0.960908,-4.40867,55.393,-57.9359,0.0342863,0,1685629255,956282002
1,NDI-MF2 s/n:3BAA9000,26158,Port:10,0,Enabled,0.253863,-0.00539557,0.111036,0.96083,-4.20387,55.3413,-58.0323,0.0206345,0,1685629255,981345804
1,NDI-MF2 s/n:3BAA9000,26166,Port:10,0,Enabled,0.253624,-0.00520243,0.111518,0.960839,-3.90353,55.2887,-58.207,0.0210572,0,1685629256,6281092
1,NDI-MF2 s/n:3BAA9000,26174,Port:10,0,Enabled,0.253542,-0.00479434,0.111732,0.960838,-3.4741,55.2531,-58.4723,0.0180094,0,1685629256,31281098
1,NDI-MF2 s/n:3BAA9000,26182,Port:10,0,Enabled,0.252761,-0.00351762,0.111427,0.961085,-3.29543,55.1726,-58.7407,0.0164395,0,1685629256,56258335
1,NDI-MF2 s/n:3BAA9000,26190,Port:10,0,Enabled,0.251718,-0.00234499,0.111159,0.961393,-3.28716,55.0664,-58.86,0.0256655,0,1685629256,81311643
1,NDI-MF2 s/n:3BAA9000,26198,Port:10,0,Enabled,0.251817,-0.00259184,0.112195,0.961246,-2.90761,55.0547,-58.9891,0.0227337,0,1685629256,106262272
1,NDI-MF2 s/n:3BAA9000,26206,Port:10,0,Enabled,0.251057,-0.00141007,0.111794,0.961494,-2.73211,55.1435,-59.2374,0.021909,0,1685629256,131333883
1,NDI-MF2 s/n:3BAA9000,26214,Port:10,0,Enabled,0.249644,0.000379338,0.110465,0.962016,-2.63511,55.1748,-59.4653,0.0323129,0,1685629256,156256303
1,NDI-MF2 s/n:3BAA9000,26222,Port:10,0,Enabled,0.249765,0.000415969,0.11238,0.961763,-2.14774,55.0753,-59.6821,0.00783138,0,1685629256,181273336
1,NDI-MF2 s/n:3BAA9000,26230,Port:10,0,Enabled,0.249659,0.000378779,0.113059,0.961711,-1.79288,54.9742,-59.8803,0.0155859,0,1685629256,206309688
1,NDI-MF2 s/n:3BAA9000,26238,Port:10,0,Enabled,0.249224,0.00102982,0.112908,0.961841,-1.5579,54.9944,-60.0713,0.0181183,0,1685629256,231252760
1,NDI-MF2 s/n:3BAA9000,26246,Port:10,0,Enabled,0.248245,0.00231662,0.112492,0.962141,-1.48473,54.9999,-60.2873,0.0122219,0,1685629256,256320376
1,NDI-MF2 s/n:3BAA9000,26254,Port:10,0,Enabled,0.247234,0.00337458,0.112136,0.962439,-1.38998,54.9218,-60.4839,0.0181406,0,1685629256,281304994
1,NDI-MF2 s/n:3BAA9000,26262,Port:10,0,Enabled,0.24737,0.0032616,0.113542,0.96224,-0.958741,54.7745,-60.6235,0.0113347,0,1685629256,306250768
1,NDI-MF2 s/n:3BAA9000,26270,Port:10,0,Enabled,0.2469,0.00417069,0.11335,0.96238,-0.796051,54.6586,-60.7711,0.00911155,0,1685629256,331259108
1,NDI-MF2 s/n:3BAA9000,26278,Port:10,0,Enabled,0.245651,0.00549826,0.111856,0.962867,-0.750444,54.6291,-60.9739,0.0178722,0,1685629256,356236870
1,NDI-MF2 s/n:3BAA9000,26286,Port:10,0,Enabled,0.245412,0.00595403,0.113256,0.962762,-0.371685,54.5403,-61.187,0.00337102,0,1685629256,381309216
1,NDI-MF2 s/n:3BAA9000,26294,Port:10,0,Enabled,0.245052,0.0065094,0.113599,0.96281,-0.052938,54.4486,-61.4199,0.00812024,0,1685629256,406282799
1,NDI-MF2 s/n:3BAA9000,26302,Port:10,0,Enabled,0.244453,0.00715494,0.113121,0.963014,0.192458,54.4531,-61.6339,0.0165566,0,1685629256,431238809
1,NDI-MF2 s/n:3BAA9000,26310,Port:10,0,Enabled,0.243439,0.00848069,0.112645,0.963316,0.285675,54.4376,-61.8276,0.0110103,0,1685629256,456237491
1,NDI-MF2 s/n:3BAA9000,26318,Port:10,0,Enabled,0.242694,0.00937641,0.112603,0.9635,0.445429,54.2314,-61.9687,0.00892465,0,1685629256,481248583
1,NDI-MF2 s/n:3BAA9000,26326,Port:10,0,Enabled,0.242997,0.00898288,0.113951,0.963269,0.930706,53.9843,-62.118,0.0124069,0,1685629256,506251610
1,NDI-MF2 s/n:3BAA9000,26334,Port:10,0,Enabled,0.242281,0.00994675,0.113364,0.963509,1.04639,53.8982,-62.3619,0.00822786,0,1685629256,531173102
1,NDI-MF2 s/n:3BAA9000,26342,Port:10,0,Enabled,0.241116,0.0111759,0.112047,0.963942,1.07055,53.8606,-62.5775,0.0158293,0,1685629256,556142185
1,NDI-MF2 s/n:3BAA9000,26350,Port:10,0,Enabled,0.240775,0.0118369,0.113364,0.963865,1.31038,53.7171,-62.7333,0.00381584,0,1685629256,581225595
1,NDI-MF2 s/n:3BAA9000,26358,Port:10,0,Enabled,0.240346,0.0123985,0.113635,0.963933,1.56684,53.5948,-62.9183,0.00462976,0,1685629256,606158095
1,NDI-MF2 s/n:3BAA9000,26366,Port:10,0,Enabled,0.240159,0.0124433,0.11354,0.96399,1.93525,53.5399,-63.1362,0.00932101,0,1685629256,631224772
1,NDI-MF2 s/n:3BAA9000,26374,Port:10,0,Enabled,0.23968,0.0128087,0.113504,0.964109,2.25183,53.4364,-63.3561,0.00393438,0,1685629256,656124391
1,NDI-MF2 s/n:3BAA9000,26382,Port:10,0,Enabled,0.238859,0.0139466,0.113725,0.964271,2.37992,53.2611,-63.5233,0.00987231,0,1685629256,681187751
1,NDI-MF2 s/n:3BAA9000,26390,Port:10,0,Enabled,0.23866,0.0143827,0.114595,0.964211,2.68188,53.0272,-63.6324,0.0142247,0,1685629256,706180473
1,NDI-MF2 s/n:3BAA9000,26398,Port:10,0,Enabled,0.238186,0.0152126,0.114312,0.964349,2.91765,52.9442,-63.8808,0.0120404,0,1685629256,731174001
1,NDI-MF2 s/n:3BAA9000,26406,Port:10,0,Enabled,0.23699,0.0164969,0.113247,0.964748,2.97934,52.9881,-64.1917,0.00401877,0,1685629256,756120344
1,NDI-MF2 s/n:3BAA9000,26414,Port:10,0,Enabled,0.236297,0.0173058,0.114027,0.964812,3.10848,52.8929,-64.345,0.0123112,0,1685629256,781140477
1,NDI-MF2 s/n:3BAA9000,26422,Port:10,0,Enabled,0.235917,0.0180372,0.114269,0.964863,3.30351,52.7387,-64.4843,0.00946459,0,1685629256,806077092
1,NDI-MF2 s/n:3BAA9000,26430,Port:10,0,Enabled,0.235411,0.0183565,0.113711,0.965047,3.60539,52.7523,-64.7213,0.00794983,0,1685629256,831096802
1,NDI-MF2 s/n:3BAA9000,26438,Port:10,0,Enabled,0.234171,0.0196677,0.113126,0.965391,3.69346,52.8434,-65.0189,0.009118,0,1685629256,856109907
1,NDI-MF2 s/n:3BAA9000,26446,Port:10,0,Enabled,0.232773,0.0213027,0.112809,0.965732,3.63423,52.7972,-65.1659,0.0156868,0,1685629256,881185484
1,NDI-MF2 s/n:3BAA9000,26454,Port:10,0,Enabled,0.232866,0.0211385,0.113947,0.965579,4.01635,52.5352,-65.1559,0.00907973,0,1685629256,906076409
1,NDI-MF2 s/n:3BAA9000,26462,Port:10,0,Enabled,0.232455,0.0215858,0.113167,0.96576,4.38287,52.3839,-65.4243,0.00799552,0,1685629256,931096651
1,NDI-MF2 s/n:3BAA9000,26470,Port:10,0,Enabled,0.231171,0.0226134,0.111792,0.966205,4.54544,52.2831,-65.7056,0.0117204,0,1685629256,956148797
1,NDI-MF2 s/n:3BAA9000,26478,Port:10,0,Enabled,0.230454,0.0237067,0.112966,0.966213,4.70813,52.0837,-65.838,0.01982,0,1685629256,981209625
1,NDI-MF2 s/n:3BAA9000,26486,Port:10,0,Enabled,0.23022,0.0244108,0.113535,0.966185,4.93848,51.9568,-66.0194,0.0104768,0,1685629257,6021198
1,NDI-MF2 s/n:3BAA9000,26494,Port:10,0,Enabled,0.229879,0.0241976,0.112885,0.966348,5.27811,51.8675,-66.2411,0.008069,0,1685629257,31068390
1,NDI-MF2 s/n:3BAA9000,26502,Port:10,0,Enabled,0.228898,0.0254121,0.112611,0.966581,5.40137,51.7524,-66.5145,0.0121287,0,1685629257,56043998
1,NDI-MF2 s/n:3BAA9000,26510,Port:10,0,Enabled,0.227662,0.0267343,0.112234,0.966881,5.45481,51.6191,-66.738,0.0154687,0,1685629257,81140273
1,NDI-MF2 s/n:3BAA9000,26518,Port:10,0,Enabled,0.227516,0.0268527,0.113036,0.966819,5.65247,51.3942,-66.7063,0.00874089,0,1685629257,106007546
1,NDI-MF2 s/n:3BAA9000,26526,Port:10,0,Enabled,0.227079,0.0273884,0.112761,0.966939,5.94524,51.3487,-67.0078,0.00723955,0,1685629257,131007342
1,NDI-MF2 s/n:3BAA9000,26534,Port:10,0,Enabled,0.225589,0.0286968,0.111276,0.967421,6.13253,51.3905,-67.4897,0.0167997,0,1685629257,156004595
1,NDI-MF2 s/n:3BAA9000,26542,Port:10,0,Enabled,0.22462,0.0296088,0.11175,0.967565,6.26942,51.1862,-67.6416,0.0196318,0,1685629257,181057906
1,NDI-MF2 s/n:3BAA9000,26550,Port:10,0,Enabled,0.22437,0.0303911,0.112314,0.967533,6.44403,50.9743,-67.7345,0.0121258,0,1685629257,205096080
1,NDI-MF2 s/n:3BAA9000,26558,Port:10,0,Enabled,0.22415,0.0304744,0.112206,0.967594,6.76814,50.9058,-67.8989,0.0057946,0,1685629257,230064902
1,NDI-MF2 s/n:3BAA9000,26566,Port:10,0,Enabled,0.223221,0.0313194,0.111432,0.967871,6.98643,50.7644,-68.1799,0.0143066,0,1685629257,255095392
1,NDI-MF2 s/n:3BAA9000,26574,Port:10,0,Enabled,0.222068,0.0328499,0.110936,0.968143,7.09219,50.5769,-68.463,0.0209211,0,1685629257,280067770
1,NDI-MF2 s/n:3BAA9000,26582,Port:10,0,Enabled,0.222015,0.0330729,0.112062,0.968018,7.4389,50.4019,-68.5268,0.0104443,0,1685629257,305054202
1,NDI-MF2 s/n:3BAA9000,26590,Port:10,0,Enabled,0.221541,0.0335141,0.111592,0.968165,7.71989,50.3852,-68.795,0.00959566,0,1685629257,330031963
1,NDI-MF2 s/n:3BAA9000,26598,Port:10,0,Enabled,0.22041,0.0342038,0.110406,0.968535,7.90278,50.3896,-69.151,0.0134223,0,1685629257,355068967
1,NDI-MF2 s/n:3BAA9000,26606,Port:10,0,Enabled,0.219571,0.0352791,0.110906,0.96863,8.01379,50.1394,-69.2953,0.0236831,0,1685629257,380050221
1,NDI-MF2 s/n:3BAA9000,26614,Port:10,0,Enabled,0.219139,0.0362543,0.111116,0.968668,8.12841,49.8765,-69.429,0.0191812,0,1685629257,405149201
1,NDI-MF2 s/n:3BAA9000,26622,Port:10,0,Enabled,0.218821,0.0362675,0.11077,0.968779,8.42425,49.7044,-69.5866,0.00795447,0,1685629257,430038211
1,NDI-MF2 s/n:3BAA9000,26630,Port:10,0,Enabled,0.217773,0.0370721,0.109906,0.969083,8.52543,49.5987,-69.8918,0.0146738,0,1685629257,455089872
1,NDI-MF2 s/n:3BAA9000,26638,Port:10,0,Enabled,0.216557,0.0382787,0.109491,0.969355,8.47444,49.4627,-70.0757,0.0207714,0,1685629257,480137215
1,NDI-MF2 s/n:3BAA9000,26646,Port:10,0,Enabled,0.216234,0.0388258,0.110231,0.969322,8.63562,49.2617,-70.0803,0.0141281,0,1685629257,505057331
1,NDI-MF2 s/n:3BAA9000,26654,Port:10,0,Enabled,0.215464,0.0392085,0.109206,0.969594,8.93443,49.2631,-70.4236,0.00982307,0,1685629257,530009336
1,NDI-MF2 s/n:3BAA9000,26662,Port:10,0,Enabled,0.214136,0.0399311,0.108207,0.96997,9.1129,49.2258,-70.8095,0.0168141,0,1685629257,555027415
1,NDI-MF2 s/n:3BAA9000,26670,Port:10,0,Enabled,0.213497,0.0411559,0.109211,0.969948,9.26171,48.9577,-70.9454,0.0231574,0,1685629257,580058154
1,NDI-MF2 s/n:3BAA9000,26678,Port:10,0,Enabled,0.213177,0.0422899,0.10951,0.969936,9.51702,48.712,-71.1315,0.0192017,0,1685629257,605042639
1,NDI-MF2 s/n:3BAA9000,26686,Port:10,0,Enabled,0.21268,0.0424656,0.108712,0.970127,9.86127,48.6097,-71.3862,0.00665101,0,1685629257,629988386
1,NDI-MF2 s/n:3BAA9000,26694,Port:10,0,Enabled,0.211845,0.0432795,0.108203,0.970331,10.0635,48.5251,-71.7445,0.0138315,0,1685629257,655009132
1,NDI-MF2 s/n:3BAA9000,26702,Port:10,0,Enabled,0.210568,0.0442415,0.107619,0.97063,10.1567,48.4148,-72.0554,0.0217411,0,1685629257,680002141
1,NDI-MF2 s/n:3BAA9000,26710,Port:10,0,Enabled,0.210227,0.0450723,0.10849,0.970568,10.2893,48.1456,-72.0546,0.0155134,0,1685629257,705021386
1,NDI-MF2 s/n:3BAA9000,26718,Port:10,0,Enabled,0.209712,0.0454311,0.107846,0.970735,10.5349,48.0283,-72.2647,0.00771029,0,1685629257,729947940
1,NDI-MF2 s/n:3BAA9000,26726,Port:10,0,Enabled,0.208788,0.0458302,0.106726,0.971039,10.7311,47.9577,-72.5999,0.00640856,0,1685629257,754999112
1,NDI-MF2 s/n:3BAA9000,26734,Port:10,0,Enabled,0.207825,0.0467805,0.10684,0.971188,10.8433,47.7385,-72.7819,0.0216898,0,1685629257,779985307
1,NDI-MF2 s/n:3BAA9000,26742,Port:10,0,Enabled,0.207011,0.0479685,0.107021,0.971284,10.8608,47.5173,-72.9092,0.025629,0,1685629257,804997392
1,NDI-MF2 s/n:3BAA9000,26750,Port:10,0,Enabled,0.206587,0.0479548,0.106813,0.971397,11.1089,47.367,-73.0013,0.00887603,0,1685629257,829942562
1,NDI-MF2 s/n:3BAA9000,26758,Port:10,0,Enabled,0.205748,0.0485867,0.106078,0.971625,11.2389,47.1967,-73.2465,0.0113643,0,1685629257,854936151
1,NDI-MF2 s/n:3BAA9000,26766,Port:10,0,Enabled,0.204608,0.0494937,0.105544,0.971878,11.4259,47.0933,-73.5882,0.0194418,0,1685629257,879974095
1,NDI-MF2 s/n:3BAA9000,26774,Port:10,0,Enabled,0.204169,0.0504132,0.106121,0.97186,11.6323,46.9109,-73.6988,0.0173191,0,1685629257,904962423
1,NDI-MF2 s/n:3BAA9000,26782,Port:10,0,Enabled,0.203529,0.0510313,0.10557,0.972022,11.8524,46.7678,-73.9258,0.0129407,0,1685629257,929914445
1,NDI-MF2 s/n:3BAA9000,26790,Port:10,0,Missing,,,,,,,,,0,1685629257,960916702
1,NDI-MF2 s/n:3BAA9000,26798,Port:10,0,Enabled,0.201551,0.0526114,0.104641,0.97245,12.0883,46.5092,-74.5388,0.0207351,0,1685629257,986848727
1,NDI-MF2 s/n:3BAA9000,26806,Port:10,0,Enabled,0.200988,0.0536887,0.104779,0.972493,12.1675,46.2522,-74.6902,0.0190908,0,1685629258,4874042
1,NDI-MF2 s/n:3BAA9000,26814,Port:10,0,Enabled,0.200452,0.0537826,0.104323,0.972647,12.4906,45.9901,-74.7878,0.00721183,0,1685629258,29883749
1,NDI-MF2 s/n:3BAA9000,26822,Port:10,0,Enabled,0.199609,0.054357,0.103474,0.97288,12.6491,45.9033,-75.0663,0.0123163,0,1685629258,54931808
1,NDI-MF2 s/n:3BAA9000,26830,Port:10,0,Enabled,0.198256,0.0553934,0.102584,0.973192,12.6868,45.8832,-75.4577,0.0215835,0,1685629258,79876372
1,NDI-MF2 s/n:3BAA9000,26838,Port:10,0,Enabled,0.197688,0.0563344,0.103327,0.973175,12.7425,45.6486,-75.5097,0.016311,0,1685629258,104874786
1,NDI-MF2 s/n:3BAA9000,26846,Port:10,0,Enabled,0.197058,0.0571232,0.102993,0.973292,12.8719,45.4512,-75.6991,0.0127111,0,1685629258,129868736
1,NDI-MF2 s/n:3BAA9000,26854,Port:10,0,Enabled,0.195883,0.0572562,0.101538,0.973674,13.1758,45.3663,-76.0876,0.0114006,0,1685629258,154866888
1,NDI-MF2 s/n:3BAA9000,26862,Port:10,0,Enabled,0.195091,0.0582356,0.101393,0.973791,13.2836,45.1695,-76.3641,0.0196666,0,1685629258,179852862
1,NDI-MF2 s/n:3BAA9000,26870,Port:10,0,Enabled,0.194208,0.0594439,0.101352,0.973898,13.31,44.8966,-76.5878,0.0222705,0,1685629258,204926125
1,NDI-MF2 s/n:3BAA9000,26878,Port:10,0,Enabled,0.193558,0.0598331,0.101026,0.974038,13.5564,44.6052,-76.7023,0.0122904,0,1685629258,229865479
1,NDI-MF2 s/n:3BAA9000,26886,Port:10,0,Enabled,0.192867,0.0603472,0.100375,0.97421,13.7789,44.4293,-76.908,0.0109208,0,1685629258,254877407
1,NDI-MF2 s/n:3BAA9000,26894,Port:10,0,Enabled,0.19175,0.0610194,0.0996873,0.974459,13.8684,44.3789,-77.2253,0.0174693,0,1685629258,279823379
1,NDI-MF2 s/n:3BAA9000,26902,Port:10,0,Enabled,0.191215,0.0617416,0.0999267,0.974494,13.9995,44.1455,-77.3255,0.0162732,0,1685629258,304838331
1,NDI-MF2 s/n:3BAA9000,26910,Port:10,0,Enabled,0.190585,0.0625885,0.0993174,0.974626,14.146,43.8414,-77.5546,0.0141136,0,1685629258,329807888
1,NDI-MF2 s/n:3BAA9000,26918,Port:10,0,Enabled,0.189367,0.0627728,0.0980547,0.97498,14.3659,43.6781,-77.9302,0.0140489,0,1685629258,354807078
1,NDI-MF2 s/n:3BAA9000,26926,Port:10,0,Enabled,0.188588,0.0638781,0.0982236,0.975042,14.3725,43.5068,-78.1462,0.0204202,0,1685629258,379854498
1,NDI-MF2 s/n:3BAA9000,26934,Port:10,0,Enabled,0.187911,0.065212,0.098236,0.975083,14.436,43.3277,-78.3677,0.0230702,0,1685629258,404788303
1,NDI-MF2 s/n:3BAA9000,26942,Port:10,0,Enabled,0.187003,0.0653935,0.0974497,0.975324,14.642,43.144,-78.5331,0.0125729,0,1685629258,429809546
1,NDI-MF2 s/n:3BAA9000,26950,Port:10,0,Enabled,0.186226,0.0652712,0.096669,0.975559,14.8745,42.9482,-78.6434,0.00659227,0,1685629258,454822642
1,NDI-MF2 s/n:3BAA9000,26958,Port:10,0,Enabled,0.185226,0.0659271,0.0960079,0.97577,15.0257,42.7698,-78.9101,0.0117323,0,1685629258,479813846
1,NDI-MF2 s/n:3BAA9000,26966,Port:10,0,Enabled,0.184563,0.0669873,0.096245,0.9758,15.1111,42.4943,-79.0524,0.0157465,0,1685629258,504797080
1,NDI-MF2 s/n:3BAA9000,26974,Port:10,0,Enabled,0.18374,0.0678928,0.0957123,0.975946,15.1032,42.3531,-79.2821,0.016878,0,1685629258,529763566
1,NDI-MF2 s/n:3BAA9000,26982,Port:10,0,Enabled,0.182631,0.0680123,0.0947294,0.976241,15.3071,42.2284,-79.5999,0.0144853,0,1685629258,554786965
1,NDI-MF2 s/n:3BAA9000,26990,Port:10,0,Enabled,0.182036,0.0692238,0.0946013,0.97628,15.356,41.9958,-79.8265,0.0199203,0,1685629258,579743284
1,NDI-MF2 s/n:3BAA9000,26998,Port:10,0,Enabled,0.181131,0.0704511,0.094243,0.976395,15.3285,41.7732,-80.0843,0.0218548,0,1685629258,604780280
1,NDI-MF2 s/n:3BAA9000,27006,Port:10,0,Enabled,0.180361,0.0705858,0.0937761,0.976572,15.5983,41.52,-80.187,0.0113738,0,1685629258,629822680
1,NDI-MF2 s/n:3BAA9000,27014,Port:10,0,Enabled,0.179662,0.0710069,0.0928602,0.976758,15.8856,41.2852,-80.4098,0.011083,0,1685629258,654780363
1,NDI-MF2 s/n:3BAA9000,27022,Port:10,0,Enabled,0.178547,0.0715739,0.091987,0.977004,16.1044,41.0658,-80.7748,0.0173079,0,1685629258,679754069
1,NDI-MF2 s/n:3BAA9000,27030,Port:10,0,Enabled,0.177895,0.0726318,0.0922387,0.977021,16.134,40.8497,-80.9538,0.0191648,0,1685629258,704797064
1,NDI-MF2 s/n:3BAA9000,27038,Port:10,0,Enabled,0.177226,0.0734688,0.0921197,0.977091,16.1605,40.7134,-81.161,0.0170145,0,1685629258,728793888
1,NDI-MF2 s/n:3BAA9000,27046,Port:10,0,Enabled,0.176328,0.0735615,0.0908675,0.977364,16.3619,40.5303,-81.4587,0.0147729,0,1685629258,754726797
1,NDI-MF2 s/n:3BAA9000,27054,Port:10,0,Enabled,0.175662,0.0743453,0.089708,0.977532,16.4778,40.2185,-81.7682,0.0203151,0,1685629258,778876714
1,NDI-MF2 s/n:3BAA9000,27062,Port:10,0,Enabled,0.174577,0.0753043,0.0890608,0.977712,16.466,40.0009,-82.0509,0.0223943,0,1685629258,803810792
1,NDI-MF2 s/n:3BAA9000,27070,Port:10,0,Enabled,0.173459,0.0756229,0.0890467,0.977887,16.4921,39.9141,-82.1484,0.016349,0,1685629258,828786328
1,NDI-MF2 s/n:3BAA9000,27078,Port:10,0,Enabled,0.17255,0.0761654,0.0883024,0.978074,16.5621,39.862,-82.3483,0.0159322,0,1685629258,853865275
1,NDI-MF2 s/n:3BAA9000,27086,Port:10,0,Enabled,0.171486,0.0767301,0.0875295,0.978286,16.6974,39.5969,-82.6147,0.0200081,0,1685629258,878760126
1,NDI-MF2 s/n:3BAA9000,27094,Port:10,0,Enabled,0.171017,0.0776078,0.087345,0.978316,16.8119,39.3086,-82.7115,0.0174887,0,1685629258,903764100
1,NDI-MF2 s/n:3BAA9000,27102,Port:10,0,Enabled,0.170152,0.0784873,0.0869678,0.97843,16.8021,39.2286,-82.9177,0.0138017,0,1685629258,928784867
1,NDI-MF2 s/n:3BAA9000,27110,Port:10,0,Enabled,0.168884,0.0785093,0.0862636,0.97871,16.9497,39.0631,-83.1476,0.0105762,0,1685629258,953730335
1,NDI-MF2 s/n:3BAA9000,27118,Port:10,0,Enabled,0.168326,0.0791366,0.0853515,0.978835,17.1109,38.7588,-83.3603,0.0147577,0,1685629258,978777322
1,NDI-MF2 s/n:3BAA9000,27126,Port:10,0,Enabled,0.167389,0.0801267,0.0852619,0.978924,17.1338,38.3996,-83.6044,0.0212015,0,1685629259,3788172
1,NDI-MF2 s/n:3BAA9000,27134,Port:10,0,Enabled,0.166404,0.0807407,0.0851078,0.979055,17.1947,38.1809,-83.7824,0.020973,0,1685629259,28705833
1,NDI-MF2 s/n:3BAA9000,27142,Port:10,0,Enabled,0.165787,0.0814766,0.0840007,0.979194,17.3203,38.0265,-84.0233,0.0164374,0,1685629259,53858782
1,NDI-MF2 s/n:3BAA9000,27150,Port:10,0,Enabled,0.164964,0.0819631,0.0827685,0.979397,17.5294,37.7349,-84.3358,0.0158002,0,1685629259,78795846
1,NDI-MF2 s/n:3BAA9000,27158,Port:10,0,Enabled,0.164346,0.0825359,0.0824649,0.979478,17.6925,37.4143,-84.5152,0.0188307,0,1685629259,103756038
1,NDI-MF2 s/n:3BAA9000,27166,Port:10,0,Enabled,0.163364,0.0832955,0.0822056,0.9796,17.686,37.2683,-84.7889,0.0198423,0,1685629259,128838558
1,NDI-MF2 s/n:3BAA9000,27174,Port:10,0,Enabled,0.162083,0.0833806,0.0814516,0.979869,17.7705,37.1998,-85.0533,0.0161938,0,1685629259,153730229
1,NDI-MF2 s/n:3BAA9000,27182,Port:10,0,Enabled,0.161224,0.0833633,0.08058,0.980084,18.0153,36.9131,-85.2692,0.0102629,0,1685629259,178675171
1,NDI-MF2 s/n:3BAA9000,27190,Port:10,0,Enabled,0.16054,0.0840125,0.0801703,0.980174,18.1579,36.5602,-85.478,0.0123129,0,1685629259,203676697
1,NDI-MF2 s/n:3BAA9000,27198,Port:10,0,Enabled,0.159544,0.0844942,0.0801397,0.980298,18.2428,36.3022,-85.6885,0.0172275,0,1685629259,228678002
1,NDI-MF2 s/n:3BAA9000,27206,Port:10,0,Enabled,0.158848,0.0852772,0.080302,0.98033,18.2075,36.0832,-85.7805,0.0162302,0,1685629259,253735200
1,NDI-MF2 s/n:3BAA9000,27214,Port:10,0,Enabled,0.158462,0.0861896,0.0797509,0.980358,18.2264,35.807,-85.9183,0.0172847,0,1685629259,278712368
1,NDI-MF2 s/n:3BAA9000,27222,Port:10,0,Enabled,0.158036,0.0869151,0.0788021,0.980439,18.3255,35.5448,-86.1509,0.0200042,0,1685629259,303675084
1,NDI-MF2 s/n:3BAA9000,27230,Port:10,0,Enabled,0.157058,0.0877285,0.0782332,0.980569,18.3243,35.433,-86.489,0.0231547,0,1685629259,328694156
1,NDI-MF2 s/n:3BAA9000,27238,Port:10,0,Enabled,0.155883,0.0882208,0.0775326,0.980769,18.3737,35.2634,-86.8217,0.0221403,0,1685629259,353658207
1,NDI-MF2 s/n:3BAA9000,27246,Port:10,0,Enabled,0.155563,0.0889974,0.0760116,0.980868,18.4697,35.0749,-87.0475,0.0136662,0,1685629259,378681601
1,NDI-MF2 s/n:3BAA9000,27254,Port:10,0,Enabled,0.154499,0.0896545,0.0752104,0.981038,18.4469,34.8795,-87.3746,0.018564,0,1685629259,403654989
1,NDI-MF2 s/n:3BAA9000,27262,Port:10,0,Enabled,0.153252,0.089817,0.0749011,0.981242,18.5427,34.717,-87.5979,0.0230807,0,1685629259,428707522
1,NDI-MF2 s/n:3BAA9000,27270,Port:10,0,Enabled,0.152595,0.09059,0.0737023,0.981365,18.5963,34.6477,-87.8444,0.015327,0,1685629259,453678907
1,NDI-MF2 s/n:3BAA9000,27278,Port:10,0,Enabled,0.151756,0.0909977,0.0723317,0.981559,18.6887,34.3896,-88.1084,0.00810976,0,1685629259,478671479
1,NDI-MF2 s/n:3BAA9000,27286,Port:10,0,Enabled,0.150762,0.0909693,0.0714563,0.981779,18.8385,34.1095,-88.346,0.0198526,0,1685629259,503616666
1,NDI-MF2 s/n:3BAA9000,27294,Port:10,0,Enabled,0.149692,0.0918027,0.0718379,0.981837,18.8778,33.7983,-88.619,0.0267213,0,1685629259,528603977
1,NDI-MF2 s/n:3BAA9000,27302,Port:10,0,Enabled,0.148845,0.0926713,0.0714874,0.98191,18.9447,33.5607,-88.8815,0.0180025,0,1685629259,553648275
1,NDI-MF2 s/n:3BAA9000,27310,Port:10,0,Enabled,0.148444,0.0929164,0.0696741,0.982078,19.0545,33.4032,-89.0448,0.00658867,0,1685629259,578628123
1,NDI-MF2 s/n:3BAA9000,27318,Port:10,0,Enabled,0.147448,0.0929766,0.0688527,0.98228,19.0988,33.145,-89.2366,0.0131077,0,1685629259,603602918
1,NDI-MF2 s/n:3BAA9000,27326,Port:10,0,Enabled,0.146205,0.0935113,0.0691892,0.982392,19.0815,32.805,-89.4615,0.0344665,0,1685629259,628582413
1,NDI-MF2 s/n:3BAA9000,27334,Port:10,0,Enabled,0.145746,0.0947686,0.0686009,0.98238,19.0436,32.5911,-89.6361,0.0162735,0,1685629259,653605847
1,NDI-MF2 s/n:3BAA9000,27342,Port:10,0,Enabled,0.145149,0.0952014,0.0671603,0.982527,19.022,32.3914,-89.7778,0.00946806,0,1685629259,678570783
1,NDI-MF2 s/n:3BAA9000,27350,Port:10,0,Enabled,0.144557,0.0951243,0.0656963,0.98272,19.1933,32.1283,-89.9446,0.00987797,0,1685629259,703628095
1,NDI-MF2 s/n:3BAA9000,27358,Port:10,0,Enabled,0.143577,0.0958215,0.0654477,0.982813,19.2481,31.8032,-90.223,0.0248793,0,1685629259,728590921
1,NDI-MF2 s/n:3BAA9000,27366,Port:10,0,Enabled,0.142738,0.0969154,0.0662197,0.982776,19.2757,31.3008,-90.4454,0.0320177,0,1685629259,753575342
1,NDI-MF2 s/n:3BAA9000,27374,Port:10,0,Enabled,0.142495,0.0976692,0.0642997,0.982864,19.4039,31.1618,-90.7219,0.0154812,0,1685629259,778542701
1,NDI-MF2 s/n:3BAA9000,27382,Port:10,0,Enabled,0.141484,0.0976674,0.0632367,0.983079,19.441,30.9478,-91.0097,0.0144041,0,1685629259,803543533
1,NDI-MF2 s/n:3BAA9000,27390,Port:10,0,Enabled,0.140198,0.0976137,0.0628922,0.983291,19.4964,30.8073,-91.3017,0.0242985,0,1685629259,828527083
1,NDI-MF2 s/n:3BAA9000,27398,Port:10,0,Enabled,0.13949,0.0985005,0.0627331,0.983313,19.4534,30.6364,-91.5209,0.0154917,0,1685629259,853595343
1,NDI-MF2 s/n:3BAA9000,27406,Port:10,0,Enabled,0.138655,0.0985853,0.0612518,0.983516,19.5075,30.5451,-91.7722,0.00909241,0,1685629259,878527006
1,NDI-MF2 s/n:3BAA9000,27414,Port:10,0,Enabled,0.137765,0.0983662,0.0598874,0.983747,19.5186,30.4491,-91.9388,0.0202895,0,1685629259,903556202
1,NDI-MF2 s/n:3BAA9000,27422,Port:10,0,Enabled,0.136585,0.0989805,0.0599581,0.983846,19.4632,30.0857,-92.181,0.0341363,0,1685629259,928507981
1,NDI-MF2 s/n:3BAA9000,27430,Port:10,0,Enabled,0.135732,0.0999679,0.0596927,0.98388,19.4496,29.8076,-92.4369,0.0211869,0,1685629259,953501698
1,NDI-MF2 s/n:3BAA9000,27438,Port:10,0,Enabled,0.13519,0.100597,0.0583561,0.983971,19.4316,29.6841,-92.6061,0.00893474,0,1685629259,978559304
1,NDI-MF2 s/n:3BAA9000,27446,Port:10,0,Enabled,0.134295,0.100658,0.0570447,0.984164,19.4881,29.526,-92.8023,0.00982775,0,1685629260,3500050
1,NDI-MF2 s/n:3BAA9000,27454,Port:10,0,Enabled,0.133035,0.100693,0.0564535,0.984366,19.5908,29.2664,-93.1402,0.032343,0,1685629260,28500917
1,NDI-MF2 s/n:3BAA9000,27462,Port:10,0,Enabled,0.132238,0.101918,0.0563035,0.984356,19.5733,28.9229,-93.4116,0.0179436,0,1685629260,53556991
1,NDI-MF2 s/n:3BAA9000,27470,Port:10,0,Enabled,0.131725,0.102579,0.0551882,0.984419,19.617,28.6662,-93.6165,0.0098298,0,1685629260,78475644
1,NDI-MF2 s/n:3BAA9000,27478,Port:10,0,Enabled,0.131013,0.102123,0.053039,0.984679,19.7992,28.5489,-93.9012,0.00923209,0,1685629260,103507501
1,NDI-MF2 s/n:3BAA9000,27486,Port:10,0,Enabled,0.129864,0.102504,0.0532466,0.984781,19.7766,28.2561,-94.2179,0.0267078,0,1685629260,128468520
1,NDI-MF2 s/n:3BAA9000,27494,Port:10,0,Enabled,0.12911,0.103377,0.0536385,0.984768,19.7184,27.8924,-94.4034,0.0241638,0,1685629260,153519090
1,NDI-MF2 s/n:3BAA9000,27502,Port:10,0,Enabled,0.128978,0.103844,0.0516451,0.984842,19.7564,27.7148,-94.5489,0.017692,0,1685629260,178503559
1,NDI-MF2 s/n:3BAA9000,27510,Port:10,0,Enabled,0.128014,0.103574,0.0504991,0.985056,19.8361,27.4418,-94.8523,0.0111942,0,1685629260,203474871
1,NDI-MF2 s/n:3BAA9000,27518,Port:10,0,Enabled,0.126908,0.103606,0.0502122,0.98521,19.8833,27.2229,-95.1887,0.043871,0,1685629260,228459252
1,NDI-MF2 s/n:3BAA9000,27526,Port:10,0,Enabled,0.126453,0.105045,0.0503609,0.985109,19.7487,26.8272,-95.3567,0.0251224,0,1685629260,253434734
1,NDI-MF2 s/n:3BAA9000,27534,Port:10,0,Enabled,0.126092,0.105471,0.0488173,0.985187,19.7709,26.5861,-95.4939,0.0145544,0,1685629260,278497185
1,NDI-MF2 s/n:3BAA9000,27542,Port:10,0,Enabled,0.125318,0.104705,0.046618,0.985474,19.9338,26.4756,-95.7584,0.00943147,0,1685629260,303452725
1,NDI-MF2 s/n:3BAA9000,27550,Port:10,0,Enabled,0.124279,0.104874,0.0466049,0.985588,19.9492,26.127,-96.0748,0.0276048,0,1685629260,328460857
1,NDI-MF2 s/n:3BAA9000,27558,Port:10,0,Enabled,0.123613,0.105911,0.0472603,0.98553,19.8215,25.7059,-96.2805,0.0272739,0,1685629260,352496946
1,NDI-MF2 s/n:3BAA9000,27566,Port:10,0,Enabled,0.123423,0.10653,0.0455578,0.985567,19.7745,25.6419,-96.4136,0.0152518,0,1685629260,377468320
1,NDI-MF2 s/n:3BAA9000,27574,Port:10,0,Enabled,0.122519,0.106017,0.0437993,0.985815,19.8337,25.5569,-96.7203,0.00976397,0,1685629260,402503110
1,NDI-MF2 s/n:3BAA9000,27582,Port:10,0,Enabled,0.121456,0.105991,0.0436337,0.985957,19.8543,25.2742,-97.0623,0.0381868,0,1685629260,427511293
1,NDI-MF2 s/n:3BAA9000,27590,Port:10,0,Enabled,0.120913,0.107189,0.0433618,0.985906,19.7236,24.9936,-97.2985,0.0199641,0,1685629260,452541771
1,NDI-MF2 s/n:3BAA9000,27598,Port:10,0,Enabled,0.120336,0.107653,0.0423292,0.985971,19.6502,24.6926,-97.3644,0.0232917,0,1685629260,477472018
1,NDI-MF2 s/n:3BAA9000,27606,Port:10,0,Enabled,0.119569,0.106918,0.0402556,0.986231,19.7079,24.6165,-97.5553,0.0122058,0,1685629260,502439142
1,NDI-MF2 s/n:3BAA9000,27614,Port:10,0,Enabled,0.118522,0.106971,0.0402945,0.98635,19.7402,24.3191,-97.8557,0.0269864,0,1685629260,527504457
1,NDI-MF2 s/n:3BAA9000,27622,Port:10,0,Enabled,0.117877,0.108023,0.0405806,0.986301,19.6575,23.9106,-98.0888,0.0323411,0,1685629260,552469061
1,NDI-MF2 s/n:3BAA9000,27630,Port:10,0,Enabled,0.11759,0.10882,0.0388307,0.986318,19.6174,23.6668,-98.2516,0.0177128,0,1685629260,577480966
1,NDI-MF2 s/n:3BAA9000,27638,Port:10,0,Enabled,0.116646,0.108358,0.0371666,0.986545,19.6955,23.5766,-98.4897,0.014864,0,1685629260,602433902
1,NDI-MF2 s/n:3BAA9000,27646,Port:10,0,Enabled,0.115603,0.108232,0.0369593,0.986689,19.6479,23.4118,-98.7771,0.0365498,0,1685629260,627460565
1,NDI-MF2 s/n:3BAA9000,27654,Port:10,0,Enabled,0.11484,0.10923,0.0365745,0.986683,19.6009,23.1875,-99.0245,0.0162942,0,1685629260,652417375
1,NDI-MF2 s/n:3BAA9000,27662,Port:10,0,Enabled,0.114184,0.109845,0.0361145,0.986708,19.5936,22.7845,-99.1051,0.0226247,0,1685629260,677477740
1,NDI-MF2 s/n:3BAA9000,27670,Port:10,0,Enabled,0.11382,0.109259,0.0333255,0.986913,19.6775,22.719,-99.3841,0.0129584,0,1685629260,702416974
1,NDI-MF2 s/n:3BAA9000,27678,Port:10,0,Enabled,0.112775,0.108963,0.0327126,0.987086,19.7293,22.4616,-99.8301,0.0290657,0,1685629260,727413765
1,NDI-MF2 s/n:3BAA9000,27686,Port:10,0,Enabled,0.112019,0.110013,0.0337118,0.987022,19.5929,22.0458,-100.02,0.0288378,0,1685629260,752485691
1,NDI-MF2 s/n:3BAA9000,27694,Port:10,0,Enabled,0.11189,0.110844,0.0322068,0.986994,19.4488,21.8194,-100.104,0.020732,0,1685629260,777377199
1,NDI-MF2 s/n:3BAA9000,27702,Port:10,0,Enabled,0.111295,0.110223,0.0299514,0.987201,19.4772,21.6197,-100.384,0.0186378,0,1685629260,802428234
1,NDI-MF2 s/n:3BAA9000,27710,Port:10,0,Enabled,0.110537,0.109844,0.029387,0.987346,19.4566,21.3751,-100.782,0.0341468,0,1685629260,827381241
1,NDI-MF2 s/n:3BAA9000,27718,Port:10,0,Enabled,0.109883,0.110961,0.0298967,0.987279,19.3308,21.0374,-101.004,0.0236214,0,1685629260,852374010
1,NDI-MF2 s/n:3BAA9000,27726,Port:10,0,Enabled,0.109342,0.111601,0.0292289,0.987287,19.2537,20.7041,-101.102,0.0171813,0,1685629260,877433803
1,NDI-MF2 s/n:3BAA9000,27734,Port:10,0,Enabled,0.108931,0.110756,0.0261727,0.987513,19.3378,20.727,-101.416,0.0116191,0,1685629260,902379265
1,NDI-MF2 s/n:3BAA9000,27742,Port:10,0,Enabled,0.108068,0.110696,0.026131,0.987616,19.3374,20.4254,-101.77,0.0216969,0,1685629260,927345689
1,NDI-MF2 s/n:3BAA9000,27750,Port:10,0,Enabled,0.107389,0.111639,0.0274525,0.987548,19.2232,19.9441,-101.876,0.0373743,0,1685629260,952402020
1,NDI-MF2 s/n:3BAA9000,27758,Port:10,0,Enabled,0.107177,0.112593,0.0264149,0.987491,19.128,19.6253,-101.856,0.0213153,0,1685629260,977338185
1,NDI-MF2 s/n:3BAA9000,27766,Port:10,0,Enabled,0.106695,0.111909,0.0234066,0.987697,19.1842,19.6168,-102.096,0.0268782,0,1685629261,2378210
1,NDI-MF2 s/n:3BAA9000,27774,Port:10,0,Enabled,0.105886,0.111037,0.0223716,0.987906,19.1611,19.5377,-102.51,0.0233805,0,1685629261,27397021
1,NDI-MF2 s/n:3BAA9000,27782,Port:10,0,Enabled,0.105152,0.111827,0.0231455,0.987878,18.996,19.2574,-102.743,0.0278387,0,1685629261,52333701
1,NDI-MF2 s/n:3BAA9000,27790,Port:10,0,Enabled,0.104766,0.112817,0.022398,0.987823,18.8677,19.0059,-102.823,0.0220119,0,1685629261,77406171
1,NDI-MF2 s/n:3BAA9000,27798,Port:10,0,Enabled,0.104129,0.112086,0.0194659,0.988036,18.9194,18.8615,-103.055,0.0336793,0,1685629261,102337458
1,NDI-MF2 s/n:3BAA9000,27806,Port:10,0,Enabled,0.103362,0.111334,0.0188062,0.988215,18.9823,18.4478,-103.373,0.0103379,0,1685629261,127331188
1,NDI-MF2 s/n:3BAA9000,27814,Port:10,0,Enabled,0.102905,0.111931,0.0195206,0.988181,18.9455,18.0218,-103.619,0.0259008,0,1685629261,152357238
1,NDI-MF2 s/n:3BAA9000,27822,Port:10,0,Enabled,0.102581,0.112727,0.0179652,0.988153,18.8729,17.8093,-103.802,0.0215264,0,1685629261,177351004
1,NDI-MF2 s/n:3BAA9000,27830,Port:10,0,Enabled,0.102101,0.112156,0.0161962,0.988298,18.912,17.6272,-104.155,0.018515,0,1685629261,202329619
1,NDI-MF2 s/n:3BAA9000,27838,Port:10,0,Enabled,0.10178,0.111635,0.0158321,0.988397,18.9506,17.4139,-104.618,0.0406253,0,1685629261,227294178
1,NDI-MF2 s/n:3BAA9000,27846,Port:10,0,Enabled,0.101415,0.112765,0.0162833,0.988299,18.8092,17.0513,-104.793,0.0265699,0,1685629261,252296035
1,NDI-MF2 s/n:3BAA9000,27854,Port:10,0,Enabled,0.101021,0.113434,0.015034,0.988282,18.6644,16.862,-104.844,0.0274812,0,1685629261,277269129
1,NDI-MF2 s/n:3BAA9000,27862,Port:10,0,Enabled,0.100411,0.111957,0.0120693,0.988553,18.7629,16.8511,-105.175,0.0226597,0,1685629261,302295158
1,NDI-MF2 s/n:3BAA9000,27870,Port:10,0,Enabled,0.0999544,0.111526,0.0121865,0.988647,18.755,16.5872,-105.535,0.0240326,0,1685629261,327262357
1,NDI-MF2 s/n:3BAA9000,27878,Port:10,0,Enabled,0.0998223,0.112582,0.0137752,0.98852,18.5369,16.1927,-105.684,0.0513692,0,1685629261,352273134
1,NDI-MF2 s/n:3BAA9000,27886,Port:10,0,Enabled,0.0993932,0.113203,0.0109974,0.988527,18.3986,16.109,-105.798,0.017406,0,1685629261,377259688
1,NDI-MF2 s/n:3BAA9000,27894,Port:10,0,Enabled,0.09859,0.112293,0.00846837,0.988736,18.3915,15.9612,-106.028,0.0304131,0,1685629261,402323489
1,NDI-MF2 s/n:3BAA9000,27902,Port:10,0,Enabled,0.0980756,0.111296,0.00843689,0.9889,18.3523,15.7061,-106.406,0.0340294,0,1685629261,427248505
1,NDI-MF2 s/n:3BAA9000,27910,Port:10,0,Enabled,0.0975549,0.112307,0.00895754,0.988833,18.1987,15.4405,-106.571,0.0266788,0,1685629261,452258527
1,NDI-MF2 s/n:3BAA9000,27918,Port:10,0,Enabled,0.0970557,0.112767,0.0075272,0.988841,18.0802,15.3047,-106.709,0.0122774,0,1685629261,477243558
1,NDI-MF2 s/n:3BAA9000,27926,Port:10,0,Enabled,0.0966601,0.111785,0.00471328,0.989009,18.076,15.1812,-107.041,0.0107811,0,1685629261,502292784
1,NDI-MF2 s/n:3BAA9000,27934,Port:10,0,Enabled,0.0962584,0.111503,0.00488511,0.989079,17.9604,14.7439,-107.329,0.040514,0,1685629261,527345629
1,NDI-MF2 s/n:3BAA9000,27942,Port:10,0,Enabled,0.0959636,0.112481,0.00580164,0.988992,17.7435,14.3311,-107.42,0.0435235,0,1685629261,552189376
1,NDI-MF2 s/n:3BAA9000,27950,Port:10,0,Enabled,0.0952307,0.113094,0.00360858,0.989004,17.6845,14.2107,-107.526,0.0198647,0,1685629261,577267729
1,NDI-MF2 s/n:3BAA9000,27958,Port:10,0,Enabled,0.0945776,0.112334,0.00164144,0.989158,17.6939,14.0752,-107.82,0.02485,0,1685629261,602305228
1,NDI-MF2 s/n:3BAA9000,27966,Port:10,0,Enabled,0.094453,0.11141,0.00117891,0.989275,17.6752,13.9327,-108.273,0.0413792,0,1685629261,627194614
1,NDI-MF2 s/n:3BAA9000,27974,Port:10,0,Enabled,0.0940944,0.112506,0.00168574,0.989185,17.414,13.6904,-108.477,0.0349086,0,1685629261,652167794
1,NDI-MF2 s/n:3BAA9000,27982,Port:10,0,Enabled,0.0933469,0.113115,0.000506177,0.989187,17.2125,13.5397,-108.548,0.011217,0,1685629261,677183311
1,NDI-MF2 s/n:3BAA9000,27990,Port:10,0,Enabled,0.0926985,0.111861,-0.00263429,0.989388,17.2514,13.4487,-108.836,0.022513,0,1685629261,702181982
1,NDI-MF2 s/n:3BAA9000,27998,Port:10,0,Enabled,0.0925806,0.111198,-0.00252297,0.989473,17.1767,13.0728,-109.139,0.0306439,0,1685629261,727184652
1,NDI-MF2 s/n:3BAA9000,28006,Port:10,0,Enabled,0.0924977,0.112033,-0.00156142,0.989389,16.9768,12.6849,-109.283,0.0460482,0,1685629261,752165866
1,NDI-MF2 s/n:3BAA9000,28014,Port:10,0,Enabled,0.0916681,0.112709,-0.00357831,0.989384,16.8957,12.4986,-109.361,0.0164289,0,1685629261,777224564
1,NDI-MF2 s/n:3BAA9000,28022,Port:10,0,Enabled,0.0911527,0.111927,-0.00631478,0.989507,16.9137,12.4167,-109.656,0.033458,0,1685629261,802169834
1,NDI-MF2 s/n:3BAA9000,28030,Port:10,0,Enabled,0.0912728,0.11097,-0.00611907,0.989605,16.8523,12.2025,-110.137,0.0367863,0,1685629261,827228994
1,NDI-MF2 s/n:3BAA9000,28038,Port:10,0,Enabled,0.091125,0.111813,-0.00534767,0.989528,16.692,11.891,-110.286,0.0406553,0,1685629261,852133500
1,NDI-MF2 s/n:3BAA9000,28046,Port:10,0,Enabled,0.090572,0.11266,-0.00638201,0.989477,16.4659,11.6227,-110.265,0.0181177,0,1685629261,877203799
1,NDI-MF2 s/n:3BAA9000,28054,Port:10,0,Enabled,0.0901233,0.111334,-0.0097969,0.98964,16.473,11.6014,-110.58,0.0281258,0,1685629261,901275945
1,NDI-MF2 s/n:3BAA9000,28062,Port:10,0,Enabled,0.09027,0.110284,-0.0100929,0.989741,16.3892,11.2985,-110.988,0.0266273,0,1685629261,926324105
1,NDI-MF2 s/n:3BAA9000,28070,Port:10,0,Enabled,0.0904069,0.110703,-0.00841876,0.989697,16.1673,10.8983,-111.143,0.0580735,0,1685629261,951244453
1,NDI-MF2 s/n:3BAA9000,28078,Port:10,0,Enabled,0.0896273,0.111421,-0.0105362,0.989667,16.0534,10.8426,-111.224,0.00993034,0,1685629261,976178804
1,NDI-MF2 s/n:3BAA9000,28086,Port:10,0,Enabled,0.0891136,0.110834,-0.0127985,0.989753,15.9945,10.8196,-111.523,0.0192993,0,1685629262,1216905
1,NDI-MF2 s/n:3BAA9000,28094,Port:10,0,Enabled,0.0891284,0.109647,-0.0130707,0.98988,15.9058,10.6319,-112.008,0.0484459,0,1685629262,26174662
1,NDI-MF2 s/n:3BAA9000,28102,Port:10,0,Enabled,0.0887772,0.110461,-0.0125053,0.989828,15.6498,10.2505,-112.049,0.0444584,0,1685629262,51206306
1,NDI-MF2 s/n:3BAA9000,28110,Port:10,0,Enabled,0.0880431,0.111128,-0.0140648,0.989798,15.4308,10.0523,-112.015,0.0145858,0,1685629262,76162138
1,NDI-MF2 s/n:3BAA9000,28118,Port:10,0,Enabled,0.0872191,0.110006,-0.0176325,0.98994,15.423,10.0947,-112.382,0.0327451,0,1685629262,101222427
1,NDI-MF2 s/n:3BAA9000,28126,Port:10,0,Enabled,0.0872381,0.109156,-0.0177051,0.990031,15.3573,9.86538,-112.76,0.0168925,0,1685629262,126164005
1,NDI-MF2 s/n:3BAA9000,28134,Port:10,0,Enabled,0.0874717,0.109537,-0.0160441,0.989997,15.1487,9.44597,-112.86,0.0464266,0,1685629262,151225429
1,NDI-MF2 s/n:3BAA9000,28142,Port:10,0,Enabled,0.0868683,0.110255,-0.0180685,0.989935,14.9428,9.31842,-112.899,0.0153688,0,1685629262,176152206
1,NDI-MF2 s/n:3BAA9000,28150,Port:10,0,Enabled,0.0862474,0.109412,-0.0208405,0.990028,14.9538,9.23366,-113.287,0.0260531,0,1685629262,201160642
1,NDI-MF2 s/n:3BAA9000,28158,Port:10,0,Enabled,0.0862912,0.108267,-0.0212732,0.990141,14.9478,9.08809,-113.872,0.0305289,0,1685629262,226229020
1,NDI-MF2 s/n:3BAA9000,28166,Port:10,0,Enabled,0.0864499,0.108978,-0.0198376,0.990079,14.6532,8.75781,-113.935,0.044597,0,1685629262,251199812
1,NDI-MF2 s/n:3BAA9000,28174,Port:10,0,Enabled,0.0860934,0.109487,-0.0212418,0.990025,14.4504,8.543,-113.94,0.0166706,0,1685629262,276150985
1,NDI-MF2 s/n:3BAA9000,28182,Port:10,0,Enabled,0.0852933,0.108317,-0.025211,0.99013,14.5509,8.47267,-114.335,0.0308349,0,1685629262,301218570
1,NDI-MF2 s/n:3BAA9000,28190,Port:10,0,Enabled,0.0859204,0.10726,-0.0248496,0.9902,14.4687,8.16019,-114.716,0.0285634,0,1685629262,326199711
1,NDI-MF2 s/n:3BAA9000,28198,Port:10,0,Enabled,0.0866811,0.107259,-0.0234267,0.990168,14.2942,7.77957,-114.929,0.0684582,0,1685629262,351157024
1,NDI-MF2 s/n:3BAA9000,28206,Port:10,0,Enabled,0.0859761,0.108143,-0.0258265,0.990074,14.0824,7.67421,-114.983,0.00863141,0,1685629262,376202230
1,NDI-MF2 s/n:3BAA9000,28214,Port:10,0,Enabled,0.085024,0.10749,-0.0284658,0.990154,14.1031,7.50279,-115.283,0.0364163,0,1685629262,401186300
1,NDI-MF2 s/n:3BAA9000,28222,Port:10,0,Enabled,0.0854827,0.106025,-0.028319,0.990278,14.0759,7.27682,-115.795,0.0277345,0,1685629262,426194778
1,NDI-MF2 s/n:3BAA9000,28230,Port:10,0,Enabled,0.0860834,0.106571,-0.0270621,0.990202,13.7759,6.94818,-115.888,0.0452445,0,1685629262,451302496
1,NDI-MF2 s/n:3BAA9000,28238,Port:10,0,Enabled,0.0859334,0.107274,-0.0279328,0.990115,13.4966,6.75898,-115.893,0.0207349,0,1685629262,476189493
1,NDI-MF2 s/n:3BAA9000,28246,Port:10,0,Enabled,0.0850233,0.106135,-0.0317824,0.9902,13.4862,6.85251,-116.326,0.0282527,0,1685629262,501106512
1,NDI-MF2 s/n:3BAA9000,28254,Port:10,0,Enabled,0.0855288,0.104921,-0.0316613,0.99029,13.3824,6.51497,-116.612,0.0190662,0,1685629262,526072271
1,NDI-MF2 s/n:3BAA9000,28262,Port:10,0,Enabled,0.0866833,0.104809,-0.0297835,0.99026,13.1078,6.07666,-116.711,0.0616889,0,1685629262,551108948
1,NDI-MF2 s/n:3BAA9000,28270,Port:10,0,Enabled,0.0860289,0.105544,-0.0317424,0.990178,12.8753,6.03631,-116.723,0.0172324,0,1685629262,576068923
1,NDI-MF2 s/n:3BAA9000,28278,Port:10,0,Enabled,0.085242,0.104932,-0.0344862,0.990219,12.8043,6.06381,-117.083,0.0261273,0,1685629262,601095445
1,NDI-MF2 s/n:3BAA9000,28286,Port:10,0,Enabled,0.0852717,0.103527,-0.0352495,0.990338,12.8017,5.93388,-117.674,0.022402,0,1685629262,626039477
1,NDI-MF2 s/n:3BAA9000,28294,Port:10,0,Enabled,0.0858896,0.103806,-0.0340378,0.990298,12.5126,5.62711,-117.682,0.0412401,0,1685629262,651060241
1,NDI-MF2 s/n:3BAA9000,28302,Port:10,0,Enabled,0.0858628,0.104345,-0.0349522,0.990211,12.254,5.43048,-117.634,0.0196313,0,1685629262,676066640
1,NDI-MF2 s/n:3BAA9000,28310,Port:10,0,Enabled,0.0850489,0.103183,-0.038397,0.990276,12.2391,5.39141,-118.031,0.0217175,0,1685629262,701086758
1,NDI-MF2 s/n:3BAA9000,28318,Port:10,0,Enabled,0.0848918,0.102016,-0.0397251,0.990358,12.174,5.1825,-118.477,0.0191334,0,1685629262,726000138
1,NDI-MF2 s/n:3BAA9000,28326,Port:10,0,Enabled,0.0862896,0.10121,-0.0379345,0.99039,11.9318,4.82127,-118.626,0.0532179,0,1685629262,751038172
1,NDI-MF2 s/n:3BAA9000,28334,Port:10,0,Enabled,0.0859716,0.101898,-0.0389811,0.990306,11.6723,4.69212,-118.581,0.0231704,0,1685629262,776073262
1,NDI-MF2 s/n:3BAA9000,28342,Port:10,0,Enabled,0.0852605,0.101682,-0.0410116,0.990308,11.4889,4.60617,-118.764,0.0183525,0,1685629262,801054821
1,NDI-MF2 s/n:3BAA9000,28350,Port:10,0,Enabled,0.0857022,0.100619,-0.0414561,0.99036,11.3482,4.44686,-119.219,0.0236308,0,1685629262,825993943
1,NDI-MF2 s/n:3BAA9000,28358,Port:10,0,Enabled,0.0862559,0.100772,-0.0412495,0.990305,11.0854,4.22911,-119.303,0.033023,0,1685629262,851052849
1,NDI-MF2 s/n:3BAA9000,28366,Port:10,0,Enabled,0.0861374,0.10089,-0.042394,0.990255,10.8451,4.0602,-119.311,0.0163313,0,1685629262,875977957
1,NDI-MF2 s/n:3BAA9000,28374,Port:10,0,Enabled,0.0851639,0.0999985,-0.0457875,0.990279,10.9151,4.03676,-119.771,0.0269494,0,1685629262,901091328
1,NDI-MF2 s/n:3BAA9000,28382,Port:10,0,Enabled,0.0859265,0.0986777,-0.0458195,0.990343,10.7825,3.74427,-120.15,0.0211623,0,1685629262,925969361
1,NDI-MF2 s/n:3BAA9000,28390,Port:10,0,Enabled,0.0871957,0.098418,-0.0444495,0.990321,10.4989,3.45363,-120.206,0.0529721,0,1685629262,950972785
1,NDI-MF2 s/n:3BAA9000,28398,Port:10,0,Enabled,0.0864531,0.0989949,-0.0462283,0.990247,10.3752,3.4029,-120.217,0.0124085,0,1685629262,976038665
1,NDI-MF2 s/n:3BAA9000,28406,Port:10,0,Enabled,0.0856994,0.0985312,-0.0482409,0.990263,10.2627,3.2447,-120.555,0.0252645,0,1685629263,1015962
1,NDI-MF2 s/n:3BAA9000,28414,Port:10,0,Enabled,0.0861259,0.0973225,-0.0489582,0.99031,10.1494,3.08111,-121.174,0.0195742,0,1685629263,25935401
1,NDI-MF2 s/n:3BAA9000,28422,Port:10,0,Enabled,0.0871413,0.0973661,-0.0483335,0.990248,9.80538,2.93666,-121.221,0.0304565,0,1685629263,50984828
1,NDI-MF2 s/n:3BAA9000,28430,Port:10,0,Enabled,0.0873115,0.097366,-0.0484558,0.990226,9.4649,2.73791,-121.062,0.0284899,0,1685629263,75930377
1,NDI-MF2 s/n:3BAA9000,28438,Port:10,0,Enabled,0.0862777,0.0966777,-0.0517166,0.99022,9.43314,2.80307,-121.419,0.0225389,0,1685629263,100953234
1,NDI-MF2 s/n:3BAA9000,28446,Port:10,0,Enabled,0.0871164,0.0953242,-0.051925,0.990267,9.31685,2.59389,-121.809,0.0199935,0,1685629263,125925417
1,NDI-MF2 s/n:3BAA9000,28454,Port:10,0,Enabled,0.088267,0.0948098,-0.0515936,0.990231,9.04886,2.47196,-122.061,0.0440325,0,1685629263,150970658
1,NDI-MF2 s/n:3BAA9000,28462,Port:10,0,Enabled,0.0877357,0.0949818,-0.0531133,0.990182,8.86018,2.43936,-122.048,0.0171811,0,1685629263,175899058
1,NDI-MF2 s/n:3BAA9000,28470,Port:10,0,Enabled,0.0869573,0.0946101,-0.0550251,0.990182,8.72468,2.37696,-122.334,0.0180343,0,1685629263,200893036
1,NDI-MF2 s/n:3BAA9000,28478,Port:10,0,Enabled,0.087501,0.0935725,-0.0555144,0.990205,8.51772,2.21908,-122.845,0.0204355,0,1685629263,225901730
1,NDI-MF2 s/n:3BAA9000,28486,Port:10,0,Enabled,0.0885192,0.0935935,-0.054906,0.990146,8.17438,2.01404,-122.828,0.0327298,0,1685629263,250897517
1,NDI-MF2 s/n:3BAA9000,28494,Port:10,0,Enabled,0.0887582,0.0935533,-0.0553768,0.990103,7.86518,1.88613,-122.765,0.0309256,0,1685629263,275913309
1,NDI-MF2 s/n:3BAA9000,28502,Port:10,0,Enabled,0.0873126,0.092786,-0.0586971,0.990112,7.87342,1.83209,-123.186,0.020321,0,1685629263,300888464
1,NDI-MF2 s/n:3BAA9000,28510,Port:10,0,Enabled,0.0880967,0.0916052,-0.059323,0.990115,7.7381,1.64679,-123.572,0.0171413,0,1685629263,325859911
1,NDI-MF2 s/n:3BAA9000,28518,Port:10,0,Enabled,0.0899251,0.0910133,-0.0583039,0.990066,7.43841,1.44665,-123.702,0.0472632,0,1685629263,350925518
1,NDI-MF2 s/n:3BAA9000,28526,Port:10,0,Enabled,0.0893935,0.0911279,-0.0598476,0.990012,7.32105,1.34904,-123.67,0.0223231,0,1685629263,375875043
1,NDI-MF2 s/n:3BAA9000,28534,Port:10,0,Enabled,0.088387,0.0907647,-0.0619461,0.990006,7.29907,1.18407,-123.989,0.0225483,0,1685629263,400908421
1,NDI-MF2 s/n:3BAA9000,28542,Port:10,0,Enabled,0.089088,0.0897291,-0.0625524,0.99,7.06943,1.04167,-124.58,0.0182564,0,1685629263,425854758
1,NDI-MF2 s/n:3BAA9000,28550,Port:10,0,Enabled,0.0905309,0.0895884,-0.0619036,0.989923,6.67539,0.923108,-124.563,0.029448,0,1685629263,450851916
1,NDI-MF2 s/n:3BAA9000,28558,Port:10,0,Enabled,0.0911061,0.0893459,-0.0619714,0.989887,6.37479,0.754799,-124.477,0.0343433,0,1685629263,474879467
1,NDI-MF2 s/n:3BAA9000,28566,Port:10,0,Enabled,0.0897252,0.0887867,-0.0649209,0.989875,6.43425,0.694214,-124.913,0.0171916,0,1685629263,499904145
1,NDI-MF2 s/n:3BAA9000,28574,Port:10,0,Enabled,0.0913757,0.0874761,-0.0651051,0.989828,6.22469,0.511833,-125.28,0.0207259,0,1685629263,524887895
1,NDI-MF2 s/n:3BAA9000,28582,Port:10,0,Enabled,0.0927796,0.0868571,-0.0648073,0.989772,5.92249,0.314305,-125.389,0.0412611,0,1685629263,549934676
1,NDI-MF2 s/n:3BAA9000,28590,Port:10,0,Enabled,0.092213,0.0866529,-0.0661528,0.989754,5.783,0.224633,-125.345,0.0198023,0,1685629263,574898829
1,NDI-MF2 s/n:3BAA9000,28598,Port:10,0,Enabled,0.0914178,0.0860819,-0.0678138,0.989765,5.64449,0.156032,-125.716,0.0190529,0,1685629263,599883682
1,NDI-MF2 s/n:3BAA9000,28606,Port:10,0,Enabled,0.0922542,0.085303,-0.0683862,0.989715,5.38503,0.0578203,-126.253,0.0164789,0,1685629263,624871377
1,NDI-MF2 s/n:3BAA9000,28614,Port:10,0,Enabled,0.0939533,0.0850137,-0.0681888,0.989594,5.03483,0.00557327,-126.257,0.0267037,0,1685629263,649905903
1,NDI-MF2 s/n:3BAA9000,28622,Port:10,0,Enabled,0.0946236,0.084685,-0.0680604,0.989567,4.74678,-0.144023,-126.033,0.0373743,0,1685629263,674890821
1,NDI-MF2 s/n:3BAA9000,28630,Port:10,0,Enabled,0.0939365,0.0840795,-0.0696276,0.989575,4.57759,-0.328228,-126.106,0.0161251,0,1685629263,699919779
1,NDI-MF2 s/n:3BAA9000,28638,Port:10,0,Enabled,0.0939414,0.0829135,-0.0713922,0.989547,4.5914,-0.450325,-126.693,0.0182601,0,1685629263,724851656
1,NDI-MF2 s/n:3BAA9000,28646,Port:10,0,Enabled,0.0960144,0.0820238,-0.0711391,0.989441,4.2897,-0.599263,-127.075,0.026821,0,1685629263,749863321
1,NDI-MF2 s/n:3BAA9000,28654,Port:10,0,Enabled,0.0960453,0.0816195,-0.0719441,0.989413,4.07839,-0.686327,-127.182,0.0229755,0,1685629263,774886298
1,NDI-MF2 s/n:3BAA9000,28662,Port:10,0,Enabled,0.0953333,0.0812936,-0.0732699,0.989411,3.9034,-0.785037,-127.448,0.0158353,0,1685629263,799881117
1,NDI-MF2 s/n:3BAA9000,28670,Port:10,0,Enabled,0.0961735,0.0806989,-0.0740541,0.98932,3.69151,-0.925548,-127.953,0.0153646,0,1685629263,824829277
1,NDI-MF2 s/n:3BAA9000,28678,Port:10,0,Enabled,0.0978429,0.0802261,-0.0741307,0.98919,3.3389,-1.04945,-127.949,0.0226915,0,1685629263,849854983
1,NDI-MF2 s/n:3BAA9000,28686,Port:10,0,Enabled,0.0984465,0.0795029,-0.0744802,0.989162,3.08924,-1.12608,-127.812,0.0288116,0,1685629263,874835624
1,NDI-MF2 s/n:3BAA9000,28694,Port:10,0,Enabled,0.0969412,0.0787354,-0.0763465,0.989229,3.09752,-1.1404,-128.162,0.0159943,0,1685629263,899826017
1,NDI-MF2 s/n:3BAA9000,28702,Port:10,0,Enabled,0.0981766,0.0776629,-0.0771259,0.989132,2.82793,-1.19227,-128.567,0.0180449,0,1685629263,924857366
1,NDI-MF2 s/n:3BAA9000,28710,Port:10,0,Enabled,0.100533,0.0769172,-0.0769684,0.988966,2.48499,-1.28113,-128.818,0.028864,0,1685629263,949863210
1,NDI-MF2 s/n:3BAA9000,28718,Port:10,0,Enabled,0.100475,0.0765233,-0.077549,0.988957,2.33218,-1.46963,-128.706,0.0248992,0,1685629263,974796718
1,NDI-MF2 s/n:3BAA9000,28726,Port:10,0,Enabled,0.0995229,0.0760697,-0.0787581,0.988992,2.17671,-1.6754,-128.976,0.0142009,0,1685629263,999855472
1,NDI-MF2 s/n:3BAA9000,28734,Port:10,0,Enabled,0.100077,0.0756618,-0.0796714,0.988894,1.94012,-1.77834,-129.475,0.0188678,0,1685629264,24803553
1,NDI-MF2 s/n:3BAA9000,28742,Port:10,0,Enabled,0.102256,0.0750203,-0.0799719,0.988696,1.60509,-1.83443,-129.519,0.0134046,0,1685629264,49811421
1,NDI-MF2 s/n:3BAA9000,28750,Port:10,0,Enabled,0.103323,0.0740129,-0.0797785,0.988677,1.3033,-1.93761,-129.322,0.031792,0,1685629264,74783699
1,NDI-MF2 s/n:3BAA9000,28758,Port:10,0,Enabled,0.101673,0.0733122,-0.0816193,0.98875,1.39793,-1.99565,-129.664,0.0173277,0,1685629264,99805533
1,NDI-MF2 s/n:3BAA9000,28766,Port:10,0,Enabled,0.103254,0.0723297,-0.0822795,0.988604,1.17058,-2.06951,-130.145,0.0189944,0,1685629264,124784799
1,NDI-MF2 s/n:3BAA9000,28774,Port:10,0,Enabled,0.105805,0.0715705,-0.0825585,0.988366,0.832669,-2.11679,-130.444,0.0234172,0,1685629264,149799083
1,NDI-MF2 s/n:3BAA9000,28782,Port:10,0,Enabled,0.105992,0.0707975,-0.082676,0.988392,0.577923,-2.23306,-130.286,0.0297003,0,1685629264,174761901
1,NDI-MF2 s/n:3BAA9000,28790,Port:10,0,Enabled,0.104824,0.0703828,-0.0836845,0.988461,0.485246,-2.36317,-130.601,0.0157661,0,1685629264,199774224
1,NDI-MF2 s/n:3BAA9000,28798,Port:10,0,Enabled,0.105414,0.0701361,-0.0848116,0.98832,0.297332,-2.50162,-131.222,0.0218902,0,1685629264,224731762
1,NDI-MF2 s/n:3BAA9000,28806,Port:10,0,Enabled,0.108253,0.0693731,-0.0847977,0.988068,-0.197777,-2.65923,-131.305,0.0103956,0,1685629264,249753311
1,NDI-MF2 s/n:3BAA9000,28814,Port:10,0,Enabled,0.109189,0.0683176,-0.0853457,0.987991,-0.341281,-2.72042,-131.268,0.0183936,0,1685629264,274727529
1,NDI-MF2 s/n:3BAA9000,28822,Port:10,0,Enabled,0.108041,0.0674976,-0.0866538,0.98806,-0.302735,-2.76928,-131.475,0.0118972,0,1685629264,299757139
1,NDI-MF2 s/n:3BAA9000,28830,Port:10,0,Enabled,0.109168,0.0665391,-0.0873828,0.987937,-0.555989,-2.74566,-131.808,0.017329,0,1685629264,324754505
1,NDI-MF2 s/n:3BAA9000,28838,Port:10,0,Enabled,0.11179,0.0656592,-0.0872165,0.987717,-0.98597,-2.70305,-131.941,0.0192283,0,1685629264,349711940
1,NDI-MF2 s/n:3BAA9000,28846,Port:10,0,Enabled,0.111739,0.0648464,-0.0876536,0.987738,-1.1549,-2.72775,-131.933,0.0224523,0,1685629264,374714962
1,NDI-MF2 s/n:3BAA9000,28854,Port:10,0,Enabled,0.110708,0.0643562,-0.0886072,0.987801,-1.28494,-2.80404,-132.239,0.0146187,0,1685629264,399694657
1,NDI-MF2 s/n:3BAA9000,28862,Port:10,0,Enabled,0.111493,0.064215,-0.089787,0.987616,-1.50336,-2.86954,-132.808,0.0247663,0,1685629264,424720755
1,NDI-MF2 s/n:3BAA9000,28870,Port:10,0,Enabled,0.114344,0.0633794,-0.0898448,0.987338,-1.93043,-2.91857,-132.78,0.0062267,0,1685629264,449692381
1,NDI-MF2 s/n:3BAA9000,28878,Port:10,0,Enabled,0.115666,0.0620671,-0.0899288,0.98726,-2.17483,-3.02232,-132.559,0.0223309,0,1685629264,474745054
1,NDI-MF2 s/n:3BAA9000,28886,Port:10,0,Enabled,0.113842,0.0611741,-0.0911099,0.987419,-2.14555,-3.08681,-132.89,0.0135983,0,1685629264,499692698
1,NDI-MF2 s/n:3BAA9000,28894,Port:10,0,Enabled,0.114641,0.0602543,-0.0928356,0.987223,-2.4027,-3.05953,-133.368,0.0238695,0,1685629264,524732146
1,NDI-MF2 s/n:3BAA9000,28902,Port:10,0,Enabled,0.117324,0.0595569,-0.0934512,0.986892,-2.81991,-2.96499,-133.585,0.0131782,0,1685629264,549726085
1,NDI-MF2 s/n:3BAA9000,28910,Port:10,0,Enabled,0.117794,0.0585503,-0.0931699,0.986923,-3.00905,-2.97273,-133.444,0.0196858,0,1685629264,574690344
1,NDI-MF2 s/n:3BAA9000,28918,Port:10,0,Enabled,0.116922,0.057991,-0.0933824,0.987039,-3.16102,-3.08681,-133.596,0.01823,0,1685629264,599690145
1,NDI-MF2 s/n:3BAA9000,28926,Port:10,0,Enabled,0.117507,0.0578354,-0.0944453,0.986878,-3.4095,-3.10455,-134.16,0.0221749,0,1685629264,624646138
1,NDI-MF2 s/n:3BAA9000,28934,Port:10,0,Enabled,0.120081,0.0572024,-0.0953427,0.986519,-3.84348,-3.02383,-134.266,0.00627905,0,1685629264,649628809
1,NDI-MF2 s/n:3BAA9000,28942,Port:10,0,Enabled,0.121722,0.0560043,-0.0951379,0.986406,-4.10024,-3.02707,-134.085,0.0216797,0,1685629264,674669867
1,NDI-MF2 s/n:3BAA9000,28950,Port:10,0,Enabled,0.120088,0.0542004,-0.0968008,0.986545,-3.97643,-2.96439,-134.026,0.0196273,0,1685629264,699622226
1,NDI-MF2 s/n:3BAA9000,28958,Port:10,0,Enabled,0.119581,0.0527983,-0.0964844,0.986714,-4.06384,-3.26847,-133.974,0.0439674,0,1685629264,724664560
1,NDI-MF2 s/n:3BAA9000,28966,Port:10,0,Enabled,0.122816,0.0531373,-0.096743,0.986273,-4.63375,-3.29935,-134.657,0.0273919,0,1685629264,749644461
1,NDI-MF2 s/n:3BAA9000,28974,Port:10,0,Enabled,0.124316,0.052415,-0.0974395,0.986055,-5.01052,-3.25571,-134.764,0.0156069,0,1685629264,774619942
1,NDI-MF2 s/n:3BAA9000,28982,Port:10,0,Enabled,0.124283,0.051764,-0.0972812,0.986109,-5.30787,-3.28704,-134.778,0.0197811,0,1685629264,799640603
1,NDI-MF2 s/n:3BAA9000,28990,Port:10,0,Enabled,0.124299,0.0514454,-0.0987419,0.985978,-5.42479,-3.18663,-135.356,0.0186052,0,1685629264,824630661
1,NDI-MF2 s/n:3BAA9000,28998,Port:10,0,Enabled,0.127288,0.0507041,-0.0988669,0.985623,-5.83586,-3.1474,-135.388,0.0110881,0,1685629264,849591841
1,NDI-MF2 s/n:3BAA9000,29006,Port:10,0,Enabled,0.129185,0.0495034,-0.0985359,0.98547,-6.11182,-3.11248,-135.401,0.0260861,0,1685629264,874587400
1,NDI-MF2 s/n:3BAA9000,29014,Port:10,0,Enabled,0.127018,0.0485193,-0.100308,0.985622,-5.98889,-3.1265,-135.735,0.0149163,0,1685629264,899617479
1,NDI-MF2 s/n:3BAA9000,29022,Port:10,0,Enabled,0.127679,0.0475715,-0.101699,0.98544,-6.23343,-3.19622,-136.144,0.0250934,0,1685629264,924611431
1,NDI-MF2 s/n:3BAA9000,29030,Port:10,0,Enabled,0.130544,0.0471962,-0.103261,0.98492,-6.68577,-3.08933,-136.623,0.0167051,0,1685629264,949558548
1,NDI-MF2 s/n:3BAA9000,29038,Port:10,0,Enabled,0.131663,0.0458991,-0.1025,0.984912,-6.92091,-3.23703,-136.375,0.0146996,0,1685629264,974563217
1,NDI-MF2 s/n:3BAA9000,29046,Port:10,0,Enabled,0.131445,0.0451128,-0.101329,0.985099,-7.07115,-3.49179,-136.408,0.0248897,0,1685629264,998632745
1,NDI-MF2 s/n:3BAA9000,29054,Port:10,0,Enabled,0.131322,0.0451226,-0.103708,0.984867,-7.17065,-3.44447,-137.154,0.0214945,0,1685629265,23655804
1,NDI-MF2 s/n:3BAA9000,29062,Port:10,0,Enabled,0.134152,0.0442952,-0.105207,0.984364,-7.63994,-3.26356,-137.299,0.0131343,0,1685629265,48729884
1,NDI-MF2 s/n:3BAA9000,29070,Port:10,0,Enabled,0.136116,0.0428132,-0.104978,0.984185,-8.059,-3.13006,-137.131,0.0101561,0,1685629265,73672003
1,NDI-MF2 s/n:3BAA9000,29078,Port:10,0,Enabled,0.1343,0.0415283,-0.105295,0.984455,-7.92553,-3.15824,-137.233,0.014544,0,1685629265,98599777
1,NDI-MF2 s/n:3BAA9000,29086,Port:10,0,Enabled,0.13524,0.0408161,-0.106382,0.984239,-8.07014,-3.15878,-137.68,0.0251192,0,1685629265,123636095
1,NDI-MF2 s/n:3BAA9000,29094,Port:10,0,Enabled,0.138361,0.040613,-0.10804,0.983633,-8.52329,-2.97598,-138.102,0.0200183,0,1685629265,148588575
1,NDI-MF2 s/n:3BAA9000,29102,Port:10,0,Enabled,0.140385,0.0392467,-0.109223,0.983271,-8.84372,-2.9338,-138.098,0.010257,0,1685629265,173711474
1,NDI-MF2 s/n:3BAA9000,29110,Port:10,0,Enabled,0.140277,0.0380472,-0.106954,0.983583,-9.18155,-3.19439,-137.827,0.0177831,0,1685629265,198590287
1,NDI-MF2 s/n:3BAA9000,29118,Port:10,0,Enabled,0.139309,0.0377529,-0.108026,0.983615,-9.18831,-3.32946,-138.328,0.0136555,0,1685629265,223558612
1,NDI-MF2 s/n:3BAA9000,29126,Port:10,0,Enabled,0.141871,0.0370196,-0.108698,0.983202,-9.53842,-3.31637,-138.573,0.00969687,0,1685629265,248665685
1,NDI-MF2 s/n:3BAA9000,29134,Port:10,0,Enabled,0.143822,0.0357895,-0.108655,0.982969,-9.82028,-3.31899,-138.565,0.00467685,0,1685629265,273617222
1,NDI-MF2 s/n:3BAA9000,29142,Port:10,0,Enabled,0.142644,0.034611,-0.108961,0.983149,-9.74534,-3.42138,-138.729,0.0158267,0,1685629265,298579643
1,NDI-MF2 s/n:3BAA9000,29150,Port:10,0,Enabled,0.143867,0.0336446,-0.110125,0.982875,-9.89055,-3.36417,-139.28,0.0253722,0,1685629265,323643248
1,NDI-MF2 s/n:3BAA9000,29158,Port:10,0,Enabled,0.142092,0.0343557,-0.110606,0.983055,-9.39501,-4.73012,-139.377,0.0646633,0,1685629265,348586759
1,NDI-MF2 s/n:3BAA9000,29166,Port:10,0,Enabled,0.14777,0.0338418,-0.102144,0.983151,-10.3386,-4.78407,-139.304,0.0379206,0,1685629265,373552240
1,NDI-MF2 s/n:3BAA9000,29174,Port:10,0,Enabled,0.150781,0.0319857,-0.109281,0.981988,-10.507,-4.67835,-139.721,0.0193454,0,1685629265,398583540
1,NDI-MF2 s/n:3BAA9000,29182,Port:10,0,Enabled,0.15064,0.0307405,-0.10796,0.982195,-10.5589,-4.71766,-139.862,0.0184645,0,1685629265,423543825
1,NDI-MF2 s/n:3BAA9000,29190,Port:10,0,Enabled,0.151823,0.0294794,-0.109411,0.981891,-10.6343,-4.65494,-140.17,0.0110234,0,1685629265,448557750
1,NDI-MF2 s/n:3BAA9000,29198,Port:10,0,Enabled,0.154657,0.0281736,-0.109923,0.98143,-11.1183,-4.7022,-140.222,0.0054565,0,1685629265,473550144
1,NDI-MF2 s/n:3BAA9000,29206,Port:10,0,Enabled,0.15499,0.0267642,-0.109433,0.981471,-11.2384,-4.60001,-140.439,0.00754672,0,1685629265,498585792
1,NDI-MF2 s/n:3BAA9000,29214,Port:10,0,Enabled,0.154552,0.0252624,-0.112213,0.981267,-11.2102,-4.60982,-140.798,0.0181164,0,1685629265,523618822
1,NDI-MF2 s/n:3BAA9000,29222,Port:10,0,Enabled,0.156625,0.0244844,-0.109964,0.981212,-11.499,-4.95492,-140.727,0.0266162,0,1685629265,548590085
1,NDI-MF2 s/n:3BAA9000,29230,Port:10,0,Enabled,0.160363,0.0240176,-0.109096,0.980717,-12.2141,-4.77868,-140.896,0.00372061,0,1685629265,573647886
1,NDI-MF2 s/n:3BAA9000,29238,Port:10,0,Enabled,0.160718,0.0225715,-0.112485,0.98031,-12.3074,-4.42295,-141.149,0.0140387,0,1685629265,598654608
1,NDI-MF2 s/n:3BAA9000,29246,Port:10,0,Enabled,0.160581,0.0211599,-0.109746,0.980674,-12.3446,-4.6465,-141.067,0.0175266,0,1685629265,623539971
1,NDI-MF2 s/n:3BAA9000,29254,Port:10,0,Enabled,0.163074,0.0207244,-0.109444,0.980306,-12.7363,-4.52113,-141.369,0.00837724,0,1685629265,648522122
1,NDI-MF2 s/n:3BAA9000,29262,Port:10,0,Enabled,0.165282,0.0197714,-0.111651,0.979707,-12.981,-4.10749,-141.626,0.0132843,0,1685629265,673535470
1,NDI-MF2 s/n:3BAA9000,29270,Port:10,0,Enabled,0.165074,0.017806,-0.111631,0.979782,-13.0839,-3.96696,-141.625,0.00548005,0,1685629265,698493199
1,NDI-MF2 s/n:3BAA9000,29278,Port:10,0,Enabled,0.164967,0.0165708,-0.111787,0.979804,-13.269,-3.99739,-141.829,0.0147274,0,1685629265,723468873
1,NDI-MF2 s/n:3BAA9000,29286,Port:10,0,Enabled,0.166278,0.0165499,-0.111305,0.979637,-13.535,-4.04845,-142.18,0.0228433,0,1685629265,748456320
1,NDI-MF2 s/n:3BAA9000,29294,Port:10,0,Enabled,0.169187,0.0154865,-0.111496,0.979135,-14.0059,-3.9128,-142.125,0.00856211,0,1685629265,773551027
1,NDI-MF2 s/n:3BAA9000,29302,Port:10,0,Enabled,0.170484,0.0139573,-0.112181,0.978855,-14.3018,-3.78185,-142.043,0.0104139,0,1685629265,798491447
1,NDI-MF2 s/n:3BAA9000,29310,Port:10,0,Enabled,0.169225,0.0132164,-0.111291,0.979185,-14.446,-3.67352,-142.419,0.0136,0,1685629265,823452112
1,NDI-MF2 s/n:3BAA9000,29318,Port:10,0,Enabled,0.169301,0.0130289,-0.112657,0.979018,-14.6276,-3.34508,-142.929,0.0213153,0,1685629265,848454841
1,NDI-MF2 s/n:3BAA9000,29326,Port:10,0,Enabled,0.172378,0.0120721,-0.114694,0.978256,-14.9814,-3.14346,-143.007,0.0211833,0,1685629265,873489162
1,NDI-MF2 s/n:3BAA9000,29334,Port:10,0,Enabled,0.174064,0.010722,-0.114025,0.978052,-15.2231,-3.04864,-142.957,0.00582661,0,1685629265,898420616
1,NDI-MF2 s/n:3BAA9000,29342,Port:10,0,Enabled,0.174062,0.00957012,-0.114627,0.977994,-15.369,-3.02385,-143.204,0.00460318,0,1685629265,923486774
1,NDI-MF2 s/n:3BAA9000,29350,Port:10,0,Enabled,0.174643,0.00909684,-0.114753,0.97788,-15.5485,-3.11147,-143.477,0.0146439,0,1685629265,948417875
1,NDI-MF2 s/n:3BAA9000,29358,Port:10,0,Enabled,0.176846,0.00815737,-0.11536,0.97742,-15.9138,-3.02128,-143.538,0.00921084,0,1685629265,973441531
1,NDI-MF2 s/n:3BAA9000,29366,Port:10,0,Enabled,0.178104,0.00654117,-0.116136,0.977112,-16.0964,-3.07104,-143.473,0.0106326,0,1685629265,998393197
1,NDI-MF2 s/n:3BAA9000,29374,Port:10,0,Enabled,0.177416,0.00571054,-0.114667,0.977416,-16.0753,-3.21829,-143.839,0.0152223,0,1685629266,23392055
1,NDI-MF2 s/n:3BAA9000,29382,Port:10,0,Enabled,0.179066,0.00518065,-0.1163,0.976925,-16.345,-3.05965,-144.246,0.0172488,0,1685629266,48420333
1,NDI-MF2 s/n:3BAA9000,29390,Port:10,0,Enabled,0.181787,0.00412606,-0.117717,0.976258,-16.7228,-2.90125,-144.184,0.0167269,0,1685629266,73435704
1,NDI-MF2 s/n:3BAA9000,29398,Port:10,0,Enabled,0.182577,0.00241556,-0.116296,0.976286,-17.0235,-2.87,-144.026,0.0073005,0,1685629266,98387849
1,NDI-MF2 s/n:3BAA9000,29406,Port:10,0,Enabled,0.18242,0.00126848,-0.116713,0.976268,-17.1767,-2.75147,-144.301,0.0109099,0,1685629266,123406873
1,NDI-MF2 s/n:3BAA9000,29414,Port:10,0,Enabled,0.183708,0.000953555,-0.117081,0.975983,-17.3041,-2.72629,-144.583,0.0201129,0,1685629266,148405871
1,NDI-MF2 s/n:3BAA9000,29422,Port:10,0,Enabled,0.186426,4.02713e-05,-0.117127,0.975462,-17.6754,-2.63431,-144.562,0.0110259,0,1685629266,173359169
1,NDI-MF2 s/n:3BAA9000,29430,Port:10,0,Enabled,0.18769,-0.00159508,-0.117588,0.975163,-17.9726,-2.58663,-144.478,0.011927,0,1685629266,198374440
1,NDI-MF2 s/n:3BAA9000,29438,Port:10,0,Enabled,0.187153,-0.0025683,-0.116266,0.975423,-18.1394,-2.60635,-144.731,0.0139741,0,1685629266,223398300
1,NDI-MF2 s/n:3BAA9000,29446,Port:10,0,Enabled,0.188737,-0.00304004,-0.117536,0.974964,-18.3465,-2.42314,-145.129,0.0155043,0,1685629266,248351522
1,NDI-MF2 s/n:3BAA9000,29454,Port:10,0,Enabled,0.19159,-0.00406343,-0.118845,0.974245,-18.5713,-2.31166,-145.172,0.0161301,0,1685629266,273388309
1,NDI-MF2 s/n:3BAA9000,29462,Port:10,0,Enabled,0.192538,-0.00589784,-0.117688,0.974189,-18.8059,-2.38601,-145.107,0.00780263,0,1685629266,298344168
1,NDI-MF2 s/n:3BAA9000,29470,Port:10,0,Enabled,0.192285,-0.00694553,-0.118046,0.974189,-18.9721,-2.24025,-145.442,0.010134,0,1685629266,323324530
1,NDI-MF2 s/n:3BAA9000,29478,Port:10,0,Enabled,0.193674,-0.00702301,-0.119788,0.9737,-19.17,-1.75813,-145.867,0.0193325,0,1685629266,348314659
1,NDI-MF2 s/n:3BAA9000,29486,Port:10,0,Enabled,0.195803,-0.00882939,-0.121764,0.973014,-19.1107,-1.93066,-145.631,0.0200154,0,1685629266,373341423
1,NDI-MF2 s/n:3BAA9000,29494,Port:10,0,Enabled,0.197314,-0.0106779,-0.117236,0.973247,-19.4864,-2.2034,-145.303,0.0187205,0,1685629266,398329732
1,NDI-MF2 s/n:3BAA9000,29502,Port:10,0,Enabled,0.197164,-0.0110368,-0.116846,0.97332,-19.7617,-1.97956,-145.811,0.0187788,0,1685629266,423313183
1,NDI-MF2 s/n:3BAA9000,29510,Port:10,0,Enabled,0.199154,-0.0115771,-0.118365,0.972725,-20.2208,-1.64204,-146.046,0.013038,0,1685629266,448335365
1,NDI-MF2 s/n:3BAA9000,29518,Port:10,0,Enabled,0.201666,-0.0127975,-0.119525,0.97205,-20.4965,-1.43687,-146.054,0.0142569,0,1685629266,473287993
1,NDI-MF2 s/n:3BAA9000,29526,Port:10,0,Enabled,0.202234,-0.0144605,-0.118576,0.972025,-20.6232,-1.46957,-146.18,0.008276,0,1685629266,498339451
1,NDI-MF2 s/n:3BAA9000,29534,Port:10,0,Enabled,0.202009,-0.015665,-0.118981,0.972003,-20.7203,-1.43363,-146.538,0.0172893,0,1685629266,523316548
1,NDI-MF2 s/n:3BAA9000,29542,Port:10,0,Enabled,0.203016,-0.0161869,-0.119832,0.97168,-21.0203,-1.20382,-146.843,0.0215798,0,1685629266,548281577
1,NDI-MF2 s/n:3BAA9000,29550,Port:10,0,Enabled,0.205048,-0.0170154,-0.120661,0.971137,-21.2668,-0.938784,-146.836,0.0186012,0,1685629266,572322892
1,NDI-MF2 s/n:3BAA9000,29558,Port:10,0,Enabled,0.206855,-0.0184084,-0.120063,0.970803,-21.5929,-0.879292,-146.69,0.0137931,0,1685629266,597374540
1,NDI-MF2 s/n:3BAA9000,29566,Port:10,0,Enabled,0.207494,-0.0193176,-0.119553,0.970712,-21.7676,-0.762856,-146.904,0.0150973,0,1685629266,622321326
1,NDI-MF2 s/n:3BAA9000,29574,Port:10,0,Enabled,0.20938,-0.0199017,-0.119707,0.970275,-22.0265,-0.510923,-147.073,0.0130701,0,1685629266,647389341
1,NDI-MF2 s/n:3BAA9000,29582,Port:10,0,Enabled,0.211447,-0.0212347,-0.120341,0.96972,-22.354,-0.471149,-147.02,0.0117264,0,1685629266,672352729
1,NDI-MF2 s/n:3BAA9000,29590,Port:10,0,Enabled,0.211755,-0.0228487,-0.119406,0.969732,-22.5379,-0.547369,-147.128,0.0107679,0,1685629266,697347276
1,NDI-MF2 s/n:3BAA9000,29598,Port:10,0,Enabled,0.212264,-0.0236309,-0.119767,0.969558,-22.6796,-0.394659,-147.464,0.0143533,0,1685629266,722279605
1,NDI-MF2 s/n:3BAA9000,29606,Port:10,0,Enabled,0.214133,-0.0239008,-0.120272,0.969077,-22.8569,-0.208149,-147.647,0.0156148,0,1685629266,747303276
1,NDI-MF2 s/n:3BAA9000,29614,Port:10,0,Enabled,0.216369,-0.0253525,-0.119817,0.9686,-23.142,-0.219636,-147.533,0.0133718,0,1685629266,772272781
1,NDI-MF2 s/n:3BAA9000,29622,Port:10,0,Enabled,0.217356,-0.0268775,-0.119165,0.968418,-23.3664,-0.188326,-147.567,0.0152844,0,1685629266,797353716
1,NDI-MF2 s/n:3BAA9000,29630,Port:10,0,Enabled,0.217392,-0.0274149,-0.118728,0.968449,-23.4859,0.00593662,-147.987,0.0158233,0,1685629266,822318132
1,NDI-MF2 s/n:3BAA9000,29638,Port:10,0,Enabled,0.219359,-0.0278031,-0.11972,0.967872,-23.706,0.2843,-148.206,0.0141223,0,1685629266,847279358
1,NDI-MF2 s/n:3BAA9000,29646,Port:10,0,Enabled,0.221488,-0.0287986,-0.12033,0.967282,-23.8723,0.471389,-148.235,0.0171129,0,1685629266,872294862
1,NDI-MF2 s/n:3BAA9000,29654,Port:10,0,Enabled,0.221862,-0.0308029,-0.119978,0.967178,-24.0208,0.486562,-148.415,0.0129157,0,1685629266,897308477
1,NDI-MF2 s/n:3BAA9000,29662,Port:10,0,Enabled,0.222579,-0.0316323,-0.120329,0.966943,-24.2244,0.679886,-148.696,0.0161537,0,1685629266,922359143
1,NDI-MF2 s/n:3BAA9000,29670,Port:10,0,Enabled,0.22472,-0.0318178,-0.120756,0.966389,-24.4776,0.903519,-148.824,0.0165816,0,1685629266,947381823
1,NDI-MF2 s/n:3BAA9000,29678,Port:10,0,Enabled,0.227029,-0.033379,-0.119762,0.96592,-24.6928,0.85883,-148.699,0.0169434,0,1685629266,972274880
1,NDI-MF2 s/n:3BAA9000,29686,Port:10,0,Enabled,0.227912,-0.0351188,-0.119255,0.965713,-24.7542,0.783578,-148.863,0.015316,0,1685629266,997386255
1,NDI-MF2 s/n:3BAA9000,29694,Port:10,0,Enabled,0.228177,-0.0359845,-0.118907,0.965661,-24.8614,0.836196,-149.238,0.0186606,0,1685629267,22253113
1,NDI-MF2 s/n:3BAA9000,29702,Port:10,0,Enabled,0.230402,-0.036244,-0.119749,0.965019,-25.1748,1.13811,-149.365,0.0153406,0,1685629267,47307381
1,NDI-MF2 s/n:3BAA9000,29710,Port:10,0,Enabled,0.233115,-0.0375789,-0.120254,0.964253,-25.4092,1.34534,-149.264,0.018953,0,1685629267,72244318
1,NDI-MF2 s/n:3BAA9000,29718,Port:10,0,Enabled,0.233748,-0.0395558,-0.118165,0.964279,-25.502,1.33992,-149.37,0.015475,0,1685629267,97283999
1,NDI-MF2 s/n:3BAA9000,29726,Port:10,0,Enabled,0.234457,-0.0406204,-0.118399,0.964034,-25.7308,1.53989,-149.725,0.0149397,0,1685629267,122247048
1,NDI-MF2 s/n:3BAA9000,29734,Port:10,0,Enabled,0.236255,-0.041139,-0.119471,0.963441,-25.9372,1.77819,-149.874,0.0144717,0,1685629267,147207276
1,NDI-MF2 s/n:3BAA9000,29742,Port:10,0,Enabled,0.238304,-0.0424664,-0.118427,0.963007,-26.1535,1.84175,-149.742,0.0158414,0,1685629267,172219777
1,NDI-MF2 s/n:3BAA9000,29750,Port:10,0,Enabled,0.239478,-0.0440426,-0.117424,0.962768,-26.37,1.9038,-149.772,0.0181522,0,1685629267,197219592
1,NDI-MF2 s/n:3BAA9000,29758,Port:10,0,Enabled,0.239935,-0.044731,-0.117019,0.962672,-26.4916,2.08535,-150.162,0.0184866,0,1685629267,222341765
1,NDI-MF2 s/n:3BAA9000,29766,Port:10,0,Enabled,0.241998,-0.0450583,-0.118067,0.962012,-26.7609,2.38662,-150.269,0.017001,0,1685629267,247228201
1,NDI-MF2 s/n:3BAA9000,29774,Port:10,0,Enabled,0.244127,-0.0464801,-0.118667,0.961332,-26.9786,2.54519,-150.154,0.0213405,0,1685629267,272251857
1,NDI-MF2 s/n:3BAA9000,29782,Port:10,0,Enabled,0.244669,-0.0485987,-0.117288,0.961259,-27.1062,2.50467,-150.295,0.0162755,0,1685629267,297213582
1,NDI-MF2 s/n:3BAA9000,29790,Port:10,0,Enabled,0.245327,-0.0495342,-0.117494,0.961018,-27.2076,2.69615,-150.647,0.0158239,0,1685629267,322249799
1,NDI-MF2 s/n:3BAA9000,29798,Port:10,0,Enabled,0.247374,-0.0495769,-0.117852,0.960448,-27.4329,2.97224,-150.749,0.0156596,0,1685629267,347177871
1,NDI-MF2 s/n:3BAA9000,29806,Port:10,0,Enabled,0.249478,-0.0509636,-0.117105,0.959922,-27.6947,3.03928,-150.591,0.01978,0,1685629267,372167806
1,NDI-MF2 s/n:3BAA9000,29814,Port:10,0,Enabled,0.250403,-0.0526663,-0.11658,0.959653,-27.9091,3.09538,-150.621,0.0216868,0,1685629267,397301674
1,NDI-MF2 s/n:3BAA9000,29822,Port:10,0,Enabled,0.250841,-0.0536759,-0.116616,0.959478,-28.0605,3.25906,-150.936,0.0178691,0,1685629267,422169281
1,NDI-MF2 s/n:3BAA9000,29830,Port:10,0,Enabled,0.252782,-0.0540291,-0.116822,0.958924,-28.3182,3.55794,-150.974,0.0173857,0,1685629267,447209343
1,NDI-MF2 s/n:3BAA9000,29838,Port:10,0,Enabled,0.254879,-0.05533,-0.117256,0.958241,-28.5113,3.6984,-150.883,0.0227926,0,1685629267,472188190
1,NDI-MF2 s/n:3BAA9000,29846,Port:10,0,Enabled,0.255498,-0.0574375,-0.115744,0.958136,-28.656,3.60344,-150.961,0.0183907,0,1685629267,497137319
1,NDI-MF2 s/n:3BAA9000,29854,Port:10,0,Enabled,0.256211,-0.0582578,-0.115507,0.957925,-28.8538,3.83559,-151.22,0.0186143,0,1685629267,522135187
1,NDI-MF2 s/n:3BAA9000,29862,Port:10,0,Enabled,0.257971,-0.0583842,-0.116441,0.957332,-29.0874,4.1902,-151.254,0.0161523,0,1685629267,547140427
1,NDI-MF2 s/n:3BAA9000,29870,Port:10,0,Enabled,0.259663,-0.0597874,-0.115193,0.956939,-29.3325,4.28797,-151.135,0.0231834,0,1685629267,572125879
1,NDI-MF2 s/n:3BAA9000,29878,Port:10,0,Enabled,0.260567,-0.0614116,-0.114321,0.956695,-29.521,4.34213,-151.244,0.0237609,0,1685629267,597150008
1,NDI-MF2 s/n:3BAA9000,29886,Port:10,0,Enabled,0.261248,-0.062277,-0.114185,0.956469,-29.5797,4.47193,-151.554,0.0212115,0,1685629267,622092234
1,NDI-MF2 s/n:3BAA9000,29894,Port:10,0,Enabled,0.263259,-0.0626303,-0.114692,0.955834,-29.8119,4.6878,-151.556,0.0201701,0,1685629267,647093309
1,NDI-MF2 s/n:3BAA9000,29902,Port:10,0,Enabled,0.265054,-0.0637173,-0.11443,0.955297,-30.0665,4.91108,-151.463,0.0251829,0,1685629267,672112346
1,NDI-MF2 s/n:3BAA9000,29910,Port:10,0,Enabled,0.26543,-0.0659147,-0.112864,0.95523,-30.16,4.93186,-151.675,0.0220518,0,1685629267,697109872
1,NDI-MF2 s/n:3BAA9000,29918,Port:10,0,Enabled,0.266231,-0.0668202,-0.112695,0.954964,-30.3157,5.05186,-151.946,0.0214955,0,1685629267,722152151
1,NDI-MF2 s/n:3BAA9000,29926,Port:10,0,Enabled,0.268277,-0.0668074,-0.113543,0.954292,-30.4866,5.27509,-151.983,0.01976,0,1685629267,747054733
1,NDI-MF2 s/n:3BAA9000,29934,Port:10,0,Enabled,0.270172,-0.068342,-0.112889,0.953726,-30.6129,5.33467,-151.879,0.0251422,0,1685629267,772047446
1,NDI-MF2 s/n:3BAA9000,29942,Port:10,0,Enabled,0.270958,-0.0703287,-0.111376,0.953536,-30.7475,5.43191,-151.956,0.0243281,0,1685629267,797044565
1,NDI-MF2 s/n:3BAA9000,29950,Port:10,0,Enabled,0.271442,-0.0716343,-0.110629,0.953388,-30.894,5.64877,-152.295,0.0244146,0,1685629267,822053344
1,NDI-MF2 s/n:3BAA9000,29958,Port:10,0,Enabled,0.273359,-0.0716971,-0.110773,0.952819,-31.1339,6.01422,-152.336,0.0215346,0,1685629267,847230946
1,NDI-MF2 s/n:3BAA9000,29966,Port:10,0,Enabled,0.275422,-0.0724761,-0.111677,0.95206,-31.3312,6.23451,-152.294,0.025964,0,1685629267,872071158
1,NDI-MF2 s/n:3BAA9000,29974,Port:10,0,Enabled,0.276091,-0.0745734,-0.110282,0.951867,-31.4303,6.21137,-152.496,0.0228474,0,1685629267,897068956
1,NDI-MF2 s/n:3BAA9000,29982,Port:10,0,Enabled,0.276792,-0.0756553,-0.11003,0.951607,-31.5078,6.41587,-152.821,0.0211755,0,1685629267,922061056
1,NDI-MF2 s/n:3BAA9000,29990,Port:10,0,Enabled,0.278493,-0.075883,-0.110773,0.951006,-31.664,6.67986,-152.872,0.0197983,0,1685629267,947015827
1,NDI-MF2 s/n:3BAA9000,29998,Port:10,0,Enabled,0.280144,-0.0774479,-0.109101,0.950589,-31.8342,6.71802,-152.782,0.0246427,0,1685629267,972017833
1,NDI-MF2 s/n:3BAA9000,30006,Port:10,0,Enabled,0.281245,-0.0789013,-0.107539,0.950322,-31.9703,6.75734,-152.831,0.028298,0,1685629267,997030737
1,NDI-MF2 s/n:3BAA9000,30014,Port:10,0,Enabled,0.281996,-0.0798519,-0.107095,0.95007,-32.0645,6.99561,-153.141,0.0262189,0,1685629268,22014817
1,NDI-MF2 s/n:3BAA9000,30022,Port:10,0,Enabled,0.283861,-0.0800776,-0.107594,0.949439,-32.2002,7.41431,-153.166,0.0241753,0,1685629268,47104567
1,NDI-MF2 s/n:3BAA9000,30030,Port:10,0,Enabled,0.285865,-0.081226,-0.107594,0.94874,-32.3128,7.51204,-153.12,0.0279641,0,1685629268,72024608
1,NDI-MF2 s/n:3BAA9000,30038,Port:10,0,Enabled,0.28668,-0.0834496,-0.105633,0.948521,-32.4804,7.3245,-153.3,0.0288554,0,1685629268,97043472
1,NDI-MF2 s/n:3BAA9000,30046,Port:10,0,Enabled,0.287661,-0.0842655,-0.105763,0.948138,-32.6365,7.59375,-153.55,0.0267608,0,1685629268,121088953
1,NDI-MF2 s/n:3BAA9000,30054,Port:10,0,Enabled,0.289356,-0.0842283,-0.106439,0.947549,-32.7395,8.05609,-153.638,0.0261371,0,1685629268,146104747
1,NDI-MF2 s/n:3BAA9000,30062,Port:10,0,Enabled,0.29116,-0.0852741,-0.105601,0.946997,-32.9099,8.24729,-153.581,0.0334587,0,1685629268,171056368
1,NDI-MF2 s/n:3BAA9000,30070,Port:10,0,Enabled,0.292149,-0.0871363,-0.105066,0.946582,-32.9816,8.29409,-153.771,0.0288546,0,1685629268,196066157
1,NDI-MF2 s/n:3BAA9000,30078,Port:10,0,Enabled,0.292993,-0.0881271,-0.104484,0.946294,-33.1302,8.57486,-153.968,0.0266143,0,1685629268,221084419
1,NDI-MF2 s/n:3BAA9000,30086,Port:10,0,Enabled,0.294604,-0.0887222,-0.104745,0.945709,-33.3676,9.03189,-153.859,0.026185,0,1685629268,246120870
1,NDI-MF2 s/n:3BAA9000,30094,Port:10,0,Enabled,0.296235,-0.0903343,-0.103985,0.945131,-33.4492,9.21951,-153.733,0.0268297,0,1685629268,271109271
1,NDI-MF2 s/n:3BAA9000,30102,Port:10,0,Enabled,0.297199,-0.0925897,-0.10089,0.944945,-33.5298,9.09141,-153.929,0.0311655,0,1685629268,296146894
1,NDI-MF2 s/n:3BAA9000,30110,Port:10,0,Enabled,0.298302,-0.0935393,-0.0998888,0.944611,-33.7788,9.14142,-154.084,0.0340458,0,1685629268,321130007
1,NDI-MF2 s/n:3BAA9000,30118,Port:10,0,Enabled,0.300021,-0.0928173,-0.1009,0.94403,-34.031,9.51952,-154.017,0.032577,0,1685629268,346073222
1,NDI-MF2 s/n:3BAA9000,30126,Port:10,0,Enabled,0.30154,-0.0934338,-0.101589,0.94341,-34.2739,9.83524,-153.888,0.0372855,0,1685629268,371063775
1,NDI-MF2 s/n:3BAA9000,30134,Port:10,0,Enabled,0.30215,-0.0954017,-0.101126,0.943068,-34.2883,10.0212,-154.031,0.0319355,0,1685629268,395986731
1,NDI-MF2 s/n:3BAA9000,30142,Port:10,0,Enabled,0.302543,-0.0970831,-0.0997632,0.942916,-34.2661,10.1513,-154.429,0.0280112,0,1685629268,421134968
1,NDI-MF2 s/n:3BAA9000,30150,Port:10,0,Enabled,0.304215,-0.0975369,-0.0991306,0.942397,-34.4143,10.3286,-154.388,0.0279273,0,1685629268,445986171
1,NDI-MF2 s/n:3BAA9000,30158,Port:10,0,Enabled,0.306218,-0.0977881,-0.098841,0.941753,-34.5839,10.4602,-154.188,0.0352718,0,1685629268,470984809
1,NDI-MF2 s/n:3BAA9000,30166,Port:10,0,Enabled,0.307186,-0.0992622,-0.0977461,0.941398,-34.6577,10.5638,-154.43,0.0364653,0,1685629268,495990954
1,NDI-MF2 s/n:3BAA9000,30174,Port:10,0,Enabled,0.308058,-0.100288,-0.0976946,0.94101,-34.8251,10.9404,-154.658,0.0336097,0,1685629268,520991480
1,NDI-MF2 s/n:3BAA9000,30182,Port:10,0,Enabled,0.309369,-0.100702,-0.0984024,0.940461,-34.8687,11.3423,-154.739,0.0312149,0,1685629268,545952111
1,NDI-MF2 s/n:3BAA9000,30190,Port:10,0,Enabled,0.310718,-0.101799,-0.097666,0.939975,-35.0144,11.5021,-154.646,0.0364582,0,1685629268,571000071
1,NDI-MF2 s/n:3BAA9000,30198,Port:10,0,Enabled,0.311392,-0.103924,-0.0963233,0.939658,-35.1491,11.5565,-154.784,0.0316765,0,1685629268,595968682
1,NDI-MF2 s/n:3BAA9000,30206,Port:10,0,Enabled,0.312033,-0.105305,-0.0952188,0.939404,-35.2162,11.7848,-155.059,0.02937,0,1685629268,621027576
1,NDI-MF2 s/n:3BAA9000,30214,Port:10,0,Enabled,0.313458,-0.106112,-0.0945895,0.938902,-35.2958,12.0769,-155.059,0.0289153,0,1685629268,645942753
1,NDI-MF2 s/n:3BAA9000,30222,Port:10,0,Enabled,0.315095,-0.10706,-0.0937797,0.938327,-35.407,12.153,-154.898,0.0303055,0,1685629268,670956461
1,NDI-MF2 s/n:3BAA9000,30230,Port:10,0,Enabled,0.316131,-0.108838,-0.0914105,0.938009,-35.5655,12.1204,-155.004,0.0347779,0,1685629268,695969608
1,NDI-MF2 s/n:3BAA9000,30238,Port:10,0,Enabled,0.316916,-0.109568,-0.0909905,0.9377,-35.7337,12.4366,-155.196,0.0362128,0,1685629268,720958222
1,NDI-MF2 s/n:3BAA9000,30246,Port:10,0,Enabled,0.317815,-0.110172,-0.0914584,0.937278,-35.8518,12.8467,-155.341,0.0333808,0,1685629268,745937649
1,NDI-MF2 s/n:3BAA9000,30254,Port:10,0,Enabled,0.319319,-0.110848,-0.0910024,0.936732,-35.9931,13.08,-155.182,0.0331661,0,1685629268,770968741
1,NDI-MF2 s/n:3BAA9000,30262,Port:10,0,Enabled,0.320688,-0.111534,-0.0902187,0.936259,-36.1862,13.2788,-155.037,0.03534,0,1685629268,795883132
1,NDI-MF2 s/n:3BAA9000,30270,Port:10,0,Enabled,0.321688,-0.111646,-0.090453,0.93588,-36.2184,13.5499,-155.195,0.0363905,0,1685629268,820917764
1,NDI-MF2 s/n:3BAA9000,30278,Port:10,0,Enabled,0.322804,-0.112359,-0.0909757,0.935359,-36.3262,13.8565,-155.262,0.0363079,0,1685629268,845888871
1,NDI-MF2 s/n:3BAA9000,30286,Port:10,0,Enabled,0.323899,-0.113982,-0.0898574,0.934892,-36.4475,14.0796,-155.261,0.0336942,0,1685629268,870879655
1,NDI-MF2 s/n:3BAA9000,30294,Port:10,0,Enabled,0.324752,-0.115483,-0.0870337,0.934679,-36.5993,14.2142,-155.374,0.0382261,0,1685629268,895936720
1,NDI-MF2 s/n:3BAA9000,30302,Port:10,0,Enabled,0.325764,-0.116264,-0.0865974,0.934271,-36.7138,14.4008,-155.49,0.0370061,0,1685629268,920945141
1,NDI-MF2 s/n:3BAA9000,30310,Port:10,0,Enabled,0.327083,-0.11647,-0.0874124,0.933708,-36.7089,14.6512,-155.481,0.0344363,0,1685629268,945871407
1,NDI-MF2 s/n:3BAA9000,30318,Port:10,0,Enabled,0.328289,-0.117827,-0.0866668,0.933184,-36.7559,14.7887,-155.415,0.0353479,0,1685629268,970851329
1,NDI-MF2 s/n:3BAA9000,30326,Port:10,0,Enabled,0.329178,-0.11961,-0.0849032,0.932806,-36.7914,14.949,-155.61,0.0344859,0,1685629268,995898581
1,NDI-MF2 s/n:3BAA9000,30334,Port:10,0,Enabled,0.330201,-0.120769,-0.0836138,0.932412,-36.8262,15.0429,-155.86,0.0355532,0,1685629269,20845888
1,NDI-MF2 s/n:3BAA9000,30342,Port:10,0,Enabled,0.331655,-0.121047,-0.0837105,0.931851,-36.9753,15.253,-155.762,0.0339118,0,1685629269,45875753
1,NDI-MF2 s/n:3BAA9000,30350,Port:10,0,Enabled,0.333045,-0.121736,-0.0832234,0.931308,-37.1011,15.4973,-155.566,0.0349264,0,1685629269,70903085
1,NDI-MF2 s/n:3BAA9000,30358,Port:10,0,Enabled,0.334007,-0.123415,-0.0814033,0.930903,-37.1404,15.6312,-155.77,0.0366938,0,1685629269,95840531
1,NDI-MF2 s/n:3BAA9000,30366,Port:10,0,Enabled,0.334688,-0.125039,-0.0797082,0.930589,-37.221,15.8342,-156.066,0.0369779,0,1685629269,120868420
1,NDI-MF2 s/n:3BAA9000,30374,Port:10,0,Enabled,0.335722,-0.126007,-0.079016,0.930145,-37.3033,16.0591,-156.147,0.0372346,0,1685629269,145818772
1,NDI-MF2 s/n:3BAA9000,30382,Port:10,0,Enabled,0.336969,-0.126436,-0.0779195,0.929728,-37.4623,16.3463,-155.917,0.0369791,0,1685629269,170860863
1,NDI-MF2 s/n:3BAA9000,30390,Port:10,0,Enabled,0.337996,-0.127096,-0.077182,0.929327,-37.6204,16.614,-155.77,0.0369072,0,1685629269,195813339
1,NDI-MF2 s/n:3BAA9000,30398,Port:10,0,Enabled,0.338831,-0.127569,-0.0771519,0.928961,-37.6814,16.895,-155.875,0.0354823,0,1685629269,220833432
1,NDI-MF2 s/n:3BAA9000,30406,Port:10,0,Enabled,0.34003,-0.127903,-0.0773856,0.928457,-37.6575,17.0954,-155.916,0.0367674,0,1685629269,245904974
1,NDI-MF2 s/n:3BAA9000,30414,Port:10,0,Enabled,0.341401,-0.128633,-0.0772191,0.927866,-37.6325,17.1966,-155.862,0.0355187,0,1685629269,270807471
1,NDI-MF2 s/n:3BAA9000,30422,Port:10,0,Enabled,0.342264,-0.130434,-0.0751026,0.927471,-37.6264,17.2732,-156.123,0.0348825,0,1685629269,295831115
1,NDI-MF2 s/n:3BAA9000,30430,Port:10,0,Enabled,0.343154,-0.131971,-0.0737481,0.927033,-37.6943,17.4674,-156.351,0.0354539,0,1685629269,320831871
1,NDI-MF2 s/n:3BAA9000,30438,Port:10,0,Enabled,0.34424,-0.132412,-0.0733164,0.926602,-37.8114,17.9138,-156.287,0.0313505,0,1685629269,345802654
1,NDI-MF2 s/n:3BAA9000,30446,Port:10,0,Enabled,0.345402,-0.13294,-0.0722812,0.926176,-37.9416,18.2684,-156.067,0.0349543,0,1685629269,370865175
1,NDI-MF2 s/n:3BAA9000,30454,Port:10,0,Enabled,0.346158,-0.133865,-0.0713594,0.925831,-38.1223,18.4431,-156.035,0.0341926,0,1685629269,395771567
1,NDI-MF2 s/n:3BAA9000,30462,Port:10,0,Enabled,0.346826,-0.135166,-0.0700857,0.925489,-38.2028,18.5552,-156.296,0.0355422,0,1685629269,420747672
1,NDI-MF2 s/n:3BAA9000,30470,Port:10,0,Enabled,0.347713,-0.135596,-0.0696755,0.925124,-38.2823,18.8815,-156.283,0.035742,0,1685629269,445805306
1,NDI-MF2 s/n:3BAA9000,30478,Port:10,0,Enabled,0.348559,-0.135926,-0.0694247,0.924776,-38.3697,19.2853,-156.115,0.0352775,0,1685629269,470776396
1,NDI-MF2 s/n:3BAA9000,30486,Port:10,0,Enabled,0.349294,-0.137133,-0.0678285,0.924439,-38.3911,19.5059,-156.178,0.0343593,0,1685629269,495780413
1,NDI-MF2 s/n:3BAA9000,30494,Port:10,0,Enabled,0.34997,-0.138004,-0.0668313,0.924127,-38.3541,19.7477,-156.41,0.0337503,0,1685629269,520800303
1,NDI-MF2 s/n:3BAA9000,30502,Port:10,0,Enabled,0.350888,-0.138666,-0.0664994,0.923703,-38.3493,19.9113,-156.479,0.0336609,0,1685629269,545747835
1,NDI-MF2 s/n:3BAA9000,30510,Port:10,0,Enabled,0.35186,-0.13936,-0.065307,0.923314,-38.446,20.107,-156.35,0.0333972,0,1685629269,570746540
1,NDI-MF2 s/n:3BAA9000,30518,Port:10,0,Enabled,0.352609,-0.140604,-0.0639353,0.922936,-38.4968,20.2767,-156.435,0.0323521,0,1685629269,595736237
1,NDI-MF2 s/n:3BAA9000,30526,Port:10,0,Enabled,0.353551,-0.141674,-0.0625899,0.922504,-38.4493,20.3815,-156.679,0.0355117,0,1685629269,620724470
1,NDI-MF2 s/n:3BAA9000,30534,Port:10,0,Enabled,0.354642,-0.142011,-0.0620812,0.922067,-38.5244,20.5984,-156.641,0.0357823,0,1685629269,645736337
1,NDI-MF2 s/n:3BAA9000,30542,Port:10,0,Enabled,0.355546,-0.142455,-0.061821,0.921668,-38.6163,20.9505,-156.394,0.032834,0,1685629269,669890240
1,NDI-MF2 s/n:3BAA9000,30550,Port:10,0,Enabled,0.356254,-0.14368,-0.0601745,0.921314,-38.6899,21.2585,-156.438,0.0311116,0,1685629269,694748889
1,NDI-MF2 s/n:3BAA9000,30558,Port:10,0,Enabled,0.356844,-0.144797,-0.0592295,0.920971,-38.7937,21.4874,-156.589,0.0319011,0,1685629269,719923048
1,NDI-MF2 s/n:3BAA9000,30566,Port:10,0,Enabled,0.357614,-0.145395,-0.058806,0.920606,-38.8039,21.6473,-156.682,0.032723,0,1685629269,744855134
1,NDI-MF2 s/n:3BAA9000,30574,Port:10,0,Enabled,0.358586,-0.145788,-0.0578498,0.920226,-38.7553,21.7881,-156.503,0.0308899,0,1685629269,769811008
1,NDI-MF2 s/n:3BAA9000,30582,Port:10,0,Enabled,0.359192,-0.146563,-0.0564897,0.919951,-38.7902,22.1054,-156.454,0.0299885,0,1685629269,794765969
1,NDI-MF2 s/n:3BAA9000,30590,Port:10,0,Enabled,0.359865,-0.147848,-0.0555286,0.91954,-38.7204,22.2921,-156.75,0.0330719,0,1685629269,819771902
1,NDI-MF2 s/n:3BAA9000,30598,Port:10,0,Enabled,0.360702,-0.148223,-0.054927,0.919188,-38.7693,22.4746,-156.71,0.0335521,0,1685629269,844708870
1,NDI-MF2 s/n:3BAA9000,30606,Port:10,0,Enabled,0.361353,-0.148459,-0.0548524,0.918899,-38.8796,22.824,-156.616,0.031814,0,1685629269,869776875
1,NDI-MF2 s/n:3BAA9000,30614,Port:10,0,Enabled,0.361903,-0.149938,-0.05279,0.918563,-38.948,23.1009,-156.671,0.031008,0,1685629269,894762144
1,NDI-MF2 s/n:3BAA9000,30622,Port:10,0,Enabled,0.362505,-0.150812,-0.0508315,0.918293,-39.0202,23.439,-156.714,0.0317218,0,1685629269,919734365
1,NDI-MF2 s/n:3BAA9000,30630,Port:10,0,Enabled,0.363127,-0.151293,-0.0500644,0.91801,-39.0334,23.6006,-156.737,0.0321712,0,1685629269,944743730
1,NDI-MF2 s/n:3BAA9000,30638,Port:10,0,Enabled,0.363688,-0.151285,-0.0494872,0.917821,-39.1426,23.7728,-156.567,0.027653,0,1685629269,969708939
1,NDI-MF2 s/n:3BAA9000,30646,Port:10,0,Enabled,0.364117,-0.15189,-0.0491429,0.917569,-39.1503,23.9893,-156.513,0.0281082,0,1685629269,994732790
1,NDI-MF2 s/n:3BAA9000,30654,Port:10,0,Enabled,0.364541,-0.153073,-0.0478088,0.917275,-39.0823,24.2643,-156.751,0.0299332,0,1685629270,19684099
1,NDI-MF2 s/n:3BAA9000,30662,Port:10,0,Enabled,0.365148,-0.15364,-0.0464611,0.917008,-39.0793,24.5489,-156.855,0.0344764,0,1685629270,44710571
1,NDI-MF2 s/n:3BAA9000,30670,Port:10,0,Enabled,0.365813,-0.1539,-0.0457538,0.916735,-39.1155,24.7099,-156.755,0.0305368,0,1685629270,69677012
1,NDI-MF2 s/n:3BAA9000,30678,Port:10,0,Enabled,0.366505,-0.154386,-0.04431,0.916448,-39.1961,24.9258,-156.613,0.0273472,0,1685629270,94753864
1,NDI-MF2 s/n:3BAA9000,30686,Port:10,0,Enabled,0.366698,-0.154951,-0.0436098,0.916309,-39.3632,25.3552,-156.55,0.0256867,0,1685629270,119689549
1,NDI-MF2 s/n:3BAA9000,30694,Port:10,0,Enabled,0.366971,-0.155863,-0.043361,0.916056,-39.3411,25.7136,-156.734,0.0301123,0,1685629270,144700327
1,NDI-MF2 s/n:3BAA9000,30702,Port:10,0,Enabled,0.367559,-0.156493,-0.0418692,0.915782,-39.3058,25.8827,-156.694,0.0291005,0,1685629270,169688997
1,NDI-MF2 s/n:3BAA9000,30710,Port:10,0,Enabled,0.36815,-0.156854,-0.0403354,0.915552,-39.2834,26.0302,-156.637,0.0280903,0,1685629270,194772614
1,NDI-MF2 s/n:3BAA9000,30718,Port:10,0,Enabled,0.368654,-0.157763,-0.0390204,0.91525,-39.2435,26.2309,-156.701,0.0324638,0,1685629270,219705277
1,NDI-MF2 s/n:3BAA9000,30726,Port:10,0,Enabled,0.368963,-0.15833,-0.038014,0.915069,-39.3621,26.5404,-156.733,0.0312534,0,1685629270,244678735
1,NDI-MF2 s/n:3BAA9000,30734,Port:10,0,Enabled,0.369243,-0.15846,-0.0377037,0.914947,-39.4182,26.8364,-156.678,0.0301485,0,1685629270,269682602
1,NDI-MF2 s/n:3BAA9000,30742,Port:10,0,Enabled,0.369936,-0.15905,-0.0358708,0.914639,-39.3977,26.9954,-156.651,0.0273883,0,1685629270,294658892
1,NDI-MF2 s/n:3BAA9000,30750,Port:10,0,Enabled,0.370315,-0.159628,-0.0346584,0.914432,-39.4001,27.2252,-156.629,0.0251202,0,1685629270,319658885
1,NDI-MF2 s/n:3BAA9000,30758,Port:10,0,Enabled,0.370548,-0.160316,-0.0344117,0.914226,-39.3703,27.5067,-156.72,0.0261162,0,1685629270,344652483
1,NDI-MF2 s/n:3BAA9000,30766,Port:10,0,Enabled,0.37089,-0.160671,-0.0329961,0.914077,-39.4062,27.7631,-156.675,0.0243061,0,1685629270,369682806
1,NDI-MF2 s/n:3BAA9000,30774,Port:10,0,Enabled,0.371143,-0.160701,-0.0319883,0.914005,-39.4762,28.0931,-156.53,0.0209398,0,1685629270,394620328
1,NDI-MF2 s/n:3BAA9000,30782,Port:10,0,Enabled,0.371562,-0.161686,-0.0307153,0.913705,-39.4059,28.2783,-156.572,0.025939,0,1685629270,419641257
1,NDI-MF2 s/n:3BAA9000,30790,Port:10,0,Enabled,0.371891,-0.161933,-0.0298711,0.913555,-39.4195,28.5004,-156.567,0.0279061,0,1685629270,444588537
1,NDI-MF2 s/n:3BAA9000,30798,Port:10,0,Enabled,0.372281,-0.162259,-0.0292938,0.913357,-39.4282,28.6835,-156.667,0.0285747,0,1685629270,469699956
1,NDI-MF2 s/n:3BAA9000,30806,Port:10,0,Enabled,0.372896,-0.162874,-0.0268988,0.91307,-39.4043,28.885,-156.517,0.0251748,0,1685629270,494704264
1,NDI-MF2 s/n:3BAA9000,30814,Port:10,0,Enabled,0.373184,-0.163354,-0.0256566,0.912903,-39.4103,29.1441,-156.371,0.0209606,0,1685629270,519602757
1,NDI-MF2 s/n:3BAA9000,30822,Port:10,0,Enabled,0.373361,-0.164066,-0.02544,0.912708,-39.3834,29.3816,-156.614,0.0248369,0,1685629270,544596134
1,NDI-MF2 s/n:3BAA9000,30830,Port:10,0,Enabled,0.373768,-0.164395,-0.0240805,0.91252,-39.4053,29.5187,-156.696,0.0259795,0,1685629270,569581822
1,NDI-MF2 s/n:3BAA9000,30838,Port:10,0,Enabled,0.37409,-0.164148,-0.0231706,0.912456,-39.4295,29.7063,-156.519,0.0227276,0,1685629270,594588324
1,NDI-MF2 s/n:3BAA9000,30846,Port:10,0,Enabled,0.374187,-0.164232,-0.0228763,0.912409,-39.3854,30.1458,-156.244,0.0209872,0,1685629270,619570837
1,NDI-MF2 s/n:3BAA9000,30854,Port:10,0,Enabled,0.374307,-0.164911,-0.0220612,0.912257,-39.3147,30.5444,-156.234,0.0251712,0,1685629270,644552049
1,NDI-MF2 s/n:3BAA9000,30862,Port:10,0,Enabled,0.374424,-0.165453,-0.0212059,0.912131,-39.2852,30.8669,-156.435,0.0279784,0,1685629270,669597447
1,NDI-MF2 s/n:3BAA9000,30870,Port:10,0,Enabled,0.375135,-0.166086,-0.0183229,0.911786,-39.2279,30.9628,-156.51,0.0245671,0,1685629270,694547880
1,NDI-MF2 s/n:3BAA9000,30878,Port:10,0,Enabled,0.375542,-0.166659,-0.0165878,0.911547,-39.2182,31.1041,-156.398,0.0221966,0,1685629270,719551131
1,NDI-MF2 s/n:3BAA9000,30886,Port:10,0,Enabled,0.375791,-0.167205,-0.01568,0.911361,-39.1574,31.3121,-156.493,0.0276886,0,1685629270,744517872
1,NDI-MF2 s/n:3BAA9000,30894,Port:10,0,Enabled,0.375943,-0.167141,-0.0143482,0.911331,-39.1933,31.5205,-156.483,0.0254772,0,1685629270,769523371
1,NDI-MF2 s/n:3BAA9000,30902,Port:10,0,Enabled,0.376115,-0.166737,-0.0134261,0.911348,-39.2254,31.7284,-156.31,0.0177401,0,1685629270,794599091
1,NDI-MF2 s/n:3BAA9000,30910,Port:10,0,Enabled,0.376248,-0.166951,-0.0131843,0.911258,-39.1503,32.0129,-156.14,0.0174195,0,1685629270,819527386
1,NDI-MF2 s/n:3BAA9000,30918,Port:10,0,Enabled,0.37651,-0.167593,-0.0125172,0.911041,-39.0713,32.224,-156.078,0.0235861,0,1685629270,844566336
1,NDI-MF2 s/n:3BAA9000,30926,Port:10,0,Enabled,0.37661,-0.168219,-0.0116683,0.910896,-39.0492,32.5149,-156.266,0.0270222,0,1685629270,869525456
1,NDI-MF2 s/n:3BAA9000,30934,Port:10,0,Enabled,0.377249,-0.168506,-0.00886957,0.91061,-38.9338,32.7522,-156.451,0.021444,0,1685629270,894504371
1,NDI-MF2 s/n:3BAA9000,30942,Port:10,0,Enabled,0.37774,-0.168821,-0.00724452,0.910362,-38.8721,32.9342,-156.327,0.0215586,0,1685629270,919506683
1,NDI-MF2 s/n:3BAA9000,30950,Port:10,0,Enabled,0.378028,-0.169668,-0.00629173,0.910092,-38.8082,33.1169,-156.371,0.0243888,0,1685629270,944533551
1,NDI-MF2 s/n:3BAA9000,30958,Port:10,0,Enabled,0.378253,-0.169804,-0.00465456,0.909984,-38.8646,33.328,-156.294,0.0243767,0,1685629270,969494985
1,NDI-MF2 s/n:3BAA9000,30966,Port:10,0,Enabled,0.378356,-0.169576,-0.00350557,0.909988,-38.8945,33.5749,-156.191,0.0209716,0,1685629270,994636774
1,NDI-MF2 s/n:3BAA9000,30974,Port:10,0,Enabled,0.378769,-0.169708,-0.00178836,0.909797,-38.784,33.8437,-156.007,0.027083,0,1685629271,19485599
1,NDI-MF2 s/n:3BAA9000,30982,Port:10,0,Enabled,0.378715,-0.170063,-0.00141391,0.909754,-38.7911,34.2062,-155.825,0.0237636,0,1685629271,44501235
1,NDI-MF2 s/n:3BAA9000,30990,Port:10,0,Enabled,0.378753,-0.170693,-0.000974765,0.90962,-38.8461,34.4296,-155.981,0.025658,0,1685629271,69502984
1,NDI-MF2 s/n:3BAA9000,30998,Port:10,0,Enabled,0.379451,-0.170742,0.00184657,0.909319,-38.7834,34.5799,-156.135,0.0220791,0,1685629271,94493278
1,NDI-MF2 s/n:3BAA9000,31006,Port:10,0,Enabled,0.379641,-0.170313,0.00332514,0.909316,-38.6646,34.8318,-155.967,0.0171537,0,1685629271,119499683
1,NDI-MF2 s/n:3BAA9000,31014,Port:10,0,Enabled,0.379742,-0.170991,0.00353843,0.909146,-38.5038,35.0637,-155.958,0.0233191,0,1685629271,144436068
1,NDI-MF2 s/n:3BAA9000,31022,Port:10,0,Enabled,0.379903,-0.171392,0.00523922,0.908995,-38.4949,35.2763,-156.012,0.0209095,0,1685629271,169437421
1,NDI-MF2 s/n:3BAA9000,31030,Port:10,0,Enabled,0.380114,-0.171106,0.00671283,0.908951,-38.491,35.4599,-156.01,0.0203347,0,1685629271,193514982
1,NDI-MF2 s/n:3BAA9000,31038,Port:10,0,Enabled,0.3806,-0.171035,0.00847983,0.908746,-38.3242,35.628,-155.882,0.0255277,0,1685629271,219459515
1,NDI-MF2 s/n:3BAA9000,31046,Port:10,0,Enabled,0.380559,-0.171242,0.00898287,0.908719,-38.2556,35.9509,-155.761,0.0224341,0,1685629271,243470598
1,NDI-MF2 s/n:3BAA9000,31054,Port:10,0,Enabled,0.380519,-0.17194,0.00916405,0.908602,-38.2202,36.2103,-155.922,0.0245407,0,1685629271,268464408
1,NDI-MF2 s/n:3BAA9000,31062,Port:10,0,Enabled,0.381215,-0.171797,0.0119631,0.908305,-38.1483,36.347,-155.966,0.0202605,0,1685629271,293505309
1,NDI-MF2 s/n:3BAA9000,31070,Port:10,0,Enabled,0.38153,-0.171417,0.0133617,0.908225,-38.0511,36.5634,-155.782,0.0187241,0,1685629271,318435333
1,NDI-MF2 s/n:3BAA9000,31078,Port:10,0,Enabled,0.381748,-0.172065,0.0137815,0.908005,-37.9239,36.8379,-155.737,0.0245808,0,1685629271,343482405
1,NDI-MF2 s/n:3BAA9000,31086,Port:10,0,Enabled,0.381806,-0.172487,0.0152876,0.907876,-37.9739,37.098,-155.754,0.0211878,0,1685629271,368444970
1,NDI-MF2 s/n:3BAA9000,31094,Port:10,0,Enabled,0.381826,-0.172106,0.0165502,0.907918,-37.9142,37.3316,-155.735,0.0202254,0,1685629271,393481973
1,NDI-MF2 s/n:3BAA9000,31102,Port:10,0,Enabled,0.38245,-0.171665,0.018592,0.9077,-37.6605,37.4408,-155.585,0.027714,0,1685629271,418475650
1,NDI-MF2 s/n:3BAA9000,31110,Port:10,0,Enabled,0.382256,-0.171756,0.0187539,0.90776,-37.5782,37.7142,-155.377,0.0251738,0,1685629271,443439376
1,NDI-MF2 s/n:3BAA9000,31118,Port:10,0,Enabled,0.382035,-0.172673,0.0186485,0.907682,-37.5496,38.016,-155.646,0.0258413,0,1685629271,468413759
1,NDI-MF2 s/n:3BAA9000,31126,Port:10,0,Enabled,0.382711,-0.172355,0.02145,0.907395,-37.4894,38.1455,-155.824,0.020226,0,1685629271,493461880
1,NDI-MF2 s/n:3BAA9000,31134,Port:10,0,Enabled,0.383041,-0.17173,0.0230764,0.907335,-37.3398,38.3283,-155.633,0.0177451,0,1685629271,518411415
1,NDI-MF2 s/n:3BAA9000,31142,Port:10,0,Enabled,0.383318,-0.172256,0.0237169,0.907101,-37.1313,38.5384,-155.485,0.0300405,0,1685629271,543435627
1,NDI-MF2 s/n:3BAA9000,31150,Port:10,0,Enabled,0.383383,-0.172698,0.0250484,0.906953,-37.1124,38.8093,-155.396,0.024073,0,1685629271,568414948
1,NDI-MF2 s/n:3BAA9000,31158,Port:10,0,Enabled,0.383298,-0.172628,0.0260052,0.906977,-37.1413,39.0399,-155.383,0.0222086,0,1685629271,593454750
1,NDI-MF2 s/n:3BAA9000,31166,Port:10,0,Enabled,0.383942,-0.172146,0.0283382,0.906726,-36.9141,39.1711,-155.249,0.0272726,0,1685629271,618423742
1,NDI-MF2 s/n:3BAA9000,31174,Port:10,0,Enabled,0.383997,-0.172082,0.0291428,0.906689,-36.8171,39.4328,-155.088,0.0272517,0,1685629271,643426383
1,NDI-MF2 s/n:3BAA9000,31182,Port:10,0,Enabled,0.383886,-0.173021,0.0291575,0.906557,-36.8259,39.6798,-155.296,0.0238908,0,1685629271,668388036
1,NDI-MF2 s/n:3BAA9000,31190,Port:10,0,Enabled,0.384153,-0.17322,0.0303525,0.906366,-36.7473,39.9356,-155.51,0.0304471,0,1685629271,693432657
1,NDI-MF2 s/n:3BAA9000,31198,Port:10,0,Enabled,0.384803,-0.172343,0.0332551,0.906156,-36.6086,40.169,-155.484,0.0272633,0,1685629271,718387114
1,NDI-MF2 s/n:3BAA9000,31206,Port:10,0,Enabled,0.385247,-0.172001,0.0350029,0.905966,-36.4275,40.3141,-155.273,0.0404454,0,1685629271,743429996
1,NDI-MF2 s/n:3BAA9000,31214,Port:10,0,Enabled,0.384949,-0.172133,0.0359287,0.906032,-36.4039,40.5262,-155.061,0.0315484,0,1685629271,768359814
1,NDI-MF2 s/n:3BAA9000,31222,Port:10,0,Enabled,0.384759,-0.172196,0.0363176,0.906085,-36.4008,40.8067,-155.059,0.0224854,0,1685629271,793364228
1,NDI-MF2 s/n:3BAA9000,31230,Port:10,0,Enabled,0.385426,-0.171533,0.0388721,0.905822,-36.2261,40.933,-154.821,0.0340552,0,1685629271,818372222
1,NDI-MF2 s/n:3BAA9000,31238,Port:10,0,Enabled,0.385248,-0.171527,0.039761,0.90586,-36.1537,41.1243,-154.564,0.0279053,0,1685629271,843370822
1,NDI-MF2 s/n:3BAA9000,31246,Port:10,0,Enabled,0.385087,-0.17224,0.0397294,0.905794,-36.082,41.3804,-154.711,0.0220955,0,1685629271,868355056
1,NDI-MF2 s/n:3BAA9000,31254,Port:10,0,Enabled,0.385427,-0.171674,0.0421128,0.90565,-36.0377,41.6102,-154.822,0.0164927,0,1685629271,893357156
1,NDI-MF2 s/n:3BAA9000,31262,Port:10,0,Enabled,0.385442,-0.170692,0.043379,0.905769,-35.9394,41.8703,-154.629,0.0125616,0,1685629271,918365096
1,NDI-MF2 s/n:3BAA9000,31270,Port:10,0,Enabled,0.385653,-0.170956,0.044073,0.905596,-35.7131,42.012,-154.443,0.0275639,0,1685629271,943394726
1,NDI-MF2 s/n:3BAA9000,31278,Port:10,0,Enabled,0.38545,-0.1713,0.0449201,0.905575,-35.6768,42.2169,-154.452,0.0213865,0,1685629271,968311359
1,NDI-MF2 s/n:3BAA9000,31286,Port:10,0,Enabled,0.385447,-0.171116,0.0460656,0.905554,-35.6466,42.4385,-154.63,0.0217841,0,1685629271,993348464
1,NDI-MF2 s/n:3BAA9000,31294,Port:10,0,Enabled,0.386153,-0.169779,0.0488726,0.905358,-35.3944,42.5418,-154.459,0.0239817,0,1685629272,18399247
1,NDI-MF2 s/n:3BAA9000,31302,Port:10,0,Enabled,0.386063,-0.169494,0.0496045,0.90541,-35.1817,42.713,-154.121,0.029094,0,1685629272,43285876
1,NDI-MF2 s/n:3BAA9000,31310,Port:10,0,Enabled,0.385905,-0.170679,0.0489997,0.905287,-35.0682,42.9493,-154.233,0.0246937,0,1685629272,68284117
1,NDI-MF2 s/n:3BAA9000,31318,Port:10,0,Enabled,0.386318,-0.17092,0.0502456,0.904997,-34.9455,43.1858,-154.519,0.0275358,0,1685629272,93319720
1,NDI-MF2 s/n:3BAA9000,31326,Port:10,0,Enabled,0.386921,-0.169659,0.0532831,0.904804,-34.8256,43.4434,-154.516,0.0238799,0,1685629272,118268769
1,NDI-MF2 s/n:3BAA9000,31334,Port:10,0,Enabled,0.38733,-0.168826,0.0555738,0.904646,-34.7027,43.5586,-154.231,0.0446578,0,1685629272,143273622
1,NDI-MF2 s/n:3BAA9000,31342,Port:10,0,Enabled,0.38685,-0.169076,0.0561104,0.904772,-34.5933,43.7697,-153.996,0.0314827,0,1685629272,168317598
1,NDI-MF2 s/n:3BAA9000,31350,Port:10,0,Enabled,0.386546,-0.169441,0.0564139,0.904815,-34.5332,43.9593,-154.098,0.0213646,0,1685629272,193281440
1,NDI-MF2 s/n:3BAA9000,31358,Port:10,0,Enabled,0.387218,-0.168129,0.0591161,0.9046,-34.3281,44.0583,-154.021,0.0276438,0,1685629272,218287836
1,NDI-MF2 s/n:3BAA9000,31366,Port:10,0,Enabled,0.387145,-0.167553,0.0603013,0.90466,-34.1526,44.2773,-153.763,0.0295487,0,1685629272,243264836
1,NDI-MF2 s/n:3BAA9000,31374,Port:10,0,Enabled,0.386792,-0.168402,0.0599541,0.904676,-34.0766,44.5496,-153.739,0.0238926,0,1685629272,268236196
1,NDI-MF2 s/n:3BAA9000,31382,Port:10,0,Enabled,0.387028,-0.167873,0.0618884,0.904543,-34.0463,44.7235,-153.782,0.0157149,0,1685629272,293234028
1,NDI-MF2 s/n:3BAA9000,31390,Port:10,0,Enabled,0.386978,-0.166732,0.0633817,0.904672,-33.9058,44.8969,-153.629,0.00971177,0,1685629272,318300157
1,NDI-MF2 s/n:3BAA9000,31398,Port:10,0,Enabled,0.387425,-0.16615,0.0648609,0.904483,-33.645,44.9494,-153.332,0.0320464,0,1685629272,343268358
1,NDI-MF2 s/n:3BAA9000,31406,Port:10,0,Enabled,0.387175,-0.166835,0.0651699,0.904442,-33.6061,45.1468,-153.251,0.0213289,0,1685629272,368259516
1,NDI-MF2 s/n:3BAA9000,31414,Port:10,0,Enabled,0.386894,-0.167431,0.06519,0.90445,-33.5867,45.3873,-153.48,0.030449,0,1685629272,393209122
1,NDI-MF2 s/n:3BAA9000,31422,Port:10,0,Enabled,0.386797,-0.166666,0.0661492,0.904564,-33.3472,45.6247,-153.553,0.0270088,0,1685629272,418242969
1,NDI-MF2 s/n:3BAA9000,31430,Port:10,0,Enabled,0.387265,-0.165213,0.0681083,0.904484,-32.9852,45.7182,-153.342,0.0188205,0,1685629272,443274906
1,NDI-MF2 s/n:3BAA9000,31438,Port:10,0,Enabled,0.387781,-0.16538,0.0693103,0.904141,-32.7079,45.7262,-153.295,0.0325622,0,1685629272,468199602
1,NDI-MF2 s/n:3BAA9000,31446,Port:10,0,Enabled,0.388265,-0.164638,0.0718807,0.903869,-32.5553,45.8496,-153.271,0.0260605,0,1685629272,493214792
1,NDI-MF2 s/n:3BAA9000,31454,Port:10,0,Enabled,0.388165,-0.163691,0.0736169,0.903944,-32.5022,45.9709,-153.05,0.0216704,0,1685629272,518198459
1,NDI-MF2 s/n:3BAA9000,31462,Port:10,0,Enabled,0.388435,-0.163307,0.0751258,0.903773,-32.3645,46.0993,-152.788,0.037815,0,1685629272,543246474
1,NDI-MF2 s/n:3BAA9000,31470,Port:10,0,Enabled,0.38785,-0.16412,0.075319,0.903861,-32.3184,46.3589,-152.759,0.0211474,0,1685629272,568188543
1,NDI-MF2 s/n:3BAA9000,31478,Port:10,0,Enabled,0.387684,-0.164351,0.0758421,0.903846,-32.2395,46.6649,-153.016,0.0226062,0,1685629272,593185233
1,NDI-MF2 s/n:3BAA9000,31486,Port:10,0,Enabled,0.388293,-0.162049,0.0791863,0.903714,-32.0302,46.8155,-152.74,0.0230454,0,1685629272,618214991
1,NDI-MF2 s/n:3BAA9000,31494,Port:10,0,Enabled,0.388052,-0.161232,0.0802373,0.903871,-31.8335,46.9337,-152.278,0.0285398,0,1685629272,643140175
1,NDI-MF2 s/n:3BAA9000,31502,Port:10,0,Enabled,0.387944,-0.162486,0.0798126,0.90373,-31.6681,47.0607,-152.334,0.0235003,0,1685629272,668142348
1,NDI-MF2 s/n:3BAA9000,31510,Port:10,0,Enabled,0.38805,-0.162057,0.0812493,0.903634,-31.6209,47.2794,-152.441,0.0168057,0,1685629272,693169872
1,NDI-MF2 s/n:3BAA9000,31518,Port:10,0,Enabled,0.388045,-0.160611,0.0829696,0.903738,-31.4523,47.431,-152.317,0.0121183,0,1685629272,718185235
1,NDI-MF2 s/n:3BAA9000,31526,Port:10,0,Enabled,0.388279,-0.159508,0.0849292,0.903651,-31.1779,47.5297,-152.019,0.0323516,0,1685629272,743202333
1,NDI-MF2 s/n:3BAA9000,31534,Port:10,0,Enabled,0.38789,-0.159877,0.0853483,0.903713,-31.0238,47.7417,-151.981,0.0207155,0,1685629272,768162274
1,NDI-MF2 s/n:3BAA9000,31542,Port:10,0,Enabled,0.387727,-0.160226,0.0856136,0.903696,-30.901,47.8909,-152.182,0.0183078,0,1685629272,792182187
1,NDI-MF2 s/n:3BAA9000,31550,Port:10,0,Enabled,0.38822,-0.157984,0.0885282,0.903598,-30.788,47.9544,-151.884,0.0197242,0,1685629272,817187523
1,NDI-MF2 s/n:3BAA9000,31558,Port:10,0,Enabled,0.387835,-0.157383,0.0892675,0.903796,-30.5992,48.0633,-151.528,0.0196065,0,1685629272,842214215
1,NDI-MF2 s/n:3BAA9000,31566,Port:10,0,Enabled,0.387886,-0.158424,0.089312,0.903587,-30.2959,48.2067,-151.617,0.0200606,0,1685629272,867276261
1,NDI-MF2 s/n:3BAA9000,31574,Port:10,0,Enabled,0.387984,-0.15777,0.0908743,0.903504,-30.1665,48.4148,-151.791,0.015033,0,1685629272,892161156
1,NDI-MF2 s/n:3BAA9000,31582,Port:10,0,Enabled,0.387798,-0.156292,0.0925325,0.903672,-30.0573,48.6288,-151.681,0.0102726,0,1685629272,917164640
1,NDI-MF2 s/n:3BAA9000,31590,Port:10,0,Enabled,0.387921,-0.155193,0.0944087,0.903615,-29.8901,48.7779,-151.354,0.0308741,0,1685629272,942208389
1,NDI-MF2 s/n:3BAA9000,31598,Port:10,0,Enabled,0.387614,-0.155854,0.0946256,0.90361,-29.7583,48.9353,-151.271,0.0209792,0,1685629272,967196272
1,NDI-MF2 s/n:3BAA9000,31606,Port:10,0,Enabled,0.387687,-0.156291,0.0948285,0.903482,-29.5155,49.0882,-151.513,0.021522,0,1685629272,992148632
1,NDI-MF2 s/n:3BAA9000,31614,Port:10,0,Enabled,0.388107,-0.15359,0.0979864,0.903428,-29.3067,49.1692,-151.234,0.0170654,0,1685629273,17168376
1,NDI-MF2 s/n:3BAA9000,31622,Port:10,0,Enabled,0.387756,-0.15182,0.0998108,0.903678,-29.2667,49.2235,-150.746,0.0326642,0,1685629273,42139421
1,NDI-MF2 s/n:3BAA9000,31630,Port:10,0,Enabled,0.387241,-0.152782,0.0995655,0.903764,-29.0586,49.3801,-150.641,0.0229319,0,1685629273,67133073
1,NDI-MF2 s/n:3BAA9000,31638,Port:10,0,Enabled,0.387183,-0.153276,0.0996568,0.903695,-28.8919,49.6342,-150.837,0.0192086,0,1685629273,92255320
1,NDI-MF2 s/n:3BAA9000,31646,Port:10,0,Enabled,0.387079,-0.152664,0.100585,0.90374,-28.6873,49.8181,-151.008,0.0230604,0,1685629273,117188065
1,NDI-MF2 s/n:3BAA9000,31654,Port:10,0,Enabled,0.387573,-0.15002,0.103462,0.903646,-28.4262,49.9949,-150.636,0.0251286,0,1685629273,142120370
1,NDI-MF2 s/n:3BAA9000,31662,Port:10,0,Enabled,0.387171,-0.150221,0.103956,0.903729,-28.3173,50.1442,-150.493,0.0215079,0,1685629273,167094643
1,NDI-MF2 s/n:3BAA9000,31670,Port:10,0,Enabled,0.386836,-0.15086,0.103762,0.903788,-28.1074,50.2573,-150.658,0.0180097,0,1685629273,192111883
1,NDI-MF2 s/n:3BAA9000,31678,Port:10,0,Enabled,0.387029,-0.148152,0.106664,0.903816,-27.9337,50.3335,-150.436,0.0148228,0,1685629273,217088413
1,NDI-MF2 s/n:3BAA9000,31686,Port:10,0,Enabled,0.38671,-0.146915,0.107903,0.904007,-27.709,50.4298,-150.133,0.0211146,0,1685629273,242090836
1,NDI-MF2 s/n:3BAA9000,31694,Port:10,0,Enabled,0.386646,-0.14795,0.107883,0.903868,-27.4868,50.5361,-150.188,0.0224812,0,1685629273,267083185
1,NDI-MF2 s/n:3BAA9000,31702,Port:10,0,Enabled,0.386687,-0.147595,0.108652,0.903816,-27.3498,50.7671,-150.346,0.0151552,0,1685629273,292112107
1,NDI-MF2 s/n:3BAA9000,31710,Port:10,0,Enabled,0.386119,-0.146027,0.109778,0.904178,-27.2631,50.8219,-150.231,0.0200682,0,1685629273,317177666
1,NDI-MF2 s/n:3BAA9000,31718,Port:10,0,Enabled,0.3858,-0.144155,0.111383,0.904418,-27.0343,50.8887,-149.889,0.0081976,0,1685629273,342085851
1,NDI-MF2 s/n:3BAA9000,31726,Port:10,0,Enabled,0.385731,-0.143544,0.112507,0.904405,-26.8271,50.9358,-149.518,0.0190765,0,1685629273,367056568
1,NDI-MF2 s/n:3BAA9000,31734,Port:10,0,Enabled,0.385876,-0.144985,0.112346,0.904134,-26.5869,51.0357,-149.646,0.0185121,0,1685629273,392068219
1,NDI-MF2 s/n:3BAA9000,31742,Port:10,0,Enabled,0.386234,-0.142918,0.114533,0.904035,-26.4103,51.3167,-149.571,0.0161546,0,1685629273,417077697
1,NDI-MF2 s/n:3BAA9000,31750,Port:10,0,Enabled,0.385789,-0.14069,0.116524,0.90432,-26.4408,51.3932,-149.153,0.0211815,0,1685629273,442069609
1,NDI-MF2 s/n:3BAA9000,31758,Port:10,0,Enabled,0.385621,-0.141001,0.116985,0.904285,-26.101,51.5036,-149.058,0.0229826,0,1685629273,467097309
1,NDI-MF2 s/n:3BAA9000,31766,Port:10,0,Enabled,0.385497,-0.14122,0.117185,0.904277,-25.8721,51.7429,-149.106,0.0133592,0,1685629273,492044858
1,NDI-MF2 s/n:3BAA9000,31774,Port:10,0,Enabled,0.385272,-0.140846,0.117767,0.904355,-25.691,51.9254,-149.234,0.0178731,0,1685629273,517007085
1,NDI-MF2 s/n:3BAA9000,31782,Port:10,0,Enabled,0.385497,-0.137886,0.12056,0.904348,-25.4944,52.0933,-148.874,0.0248445,0,1685629273,542014452
1,NDI-MF2 s/n:3BAA9000,31790,Port:10,0,Enabled,0.385066,-0.138301,0.120667,0.904454,-25.2994,52.1206,-148.766,0.020943,0,1685629273,567013188
1,NDI-MF2 s/n:3BAA9000,31798,Port:10,0,Enabled,0.38497,-0.138975,0.120287,0.904442,-24.9679,52.0923,-149.011,0.016466,0,1685629273,592071740
1,NDI-MF2 s/n:3BAA9000,31806,Port:10,0,Enabled,0.384861,-0.135448,0.122863,0.904677,-24.82,52.1519,-148.657,0.00765626,0,1685629273,617011203
1,NDI-MF2 s/n:3BAA9000,31814,Port:10,0,Enabled,0.384199,-0.133846,0.124284,0.905003,-24.6892,52.2442,-148.237,0.0131796,0,1685629273,641983168
1,NDI-MF2 s/n:3BAA9000,31822,Port:10,0,Enabled,0.384306,-0.134793,0.124522,0.904784,-24.5216,52.3283,-148.132,0.0276913,0,1685629273,667014630
1,NDI-MF2 s/n:3BAA9000,31830,Port:10,0,Enabled,0.384375,-0.135324,0.124467,0.904684,-24.2525,52.565,-148.335,0.0162207,0,1685629273,691975039
1,NDI-MF2 s/n:3BAA9000,31838,Port:10,0,Enabled,0.384149,-0.133599,0.125639,0.904874,-24.02,52.7244,-148.316,0.0218219,0,1685629273,716973384
1,NDI-MF2 s/n:3BAA9000,31846,Port:10,0,Enabled,0.384009,-0.130618,0.128293,0.904996,-23.9482,52.7608,-147.784,0.0203238,0,1685629273,742046803
1,NDI-MF2 s/n:3BAA9000,31854,Port:10,0,Enabled,0.383428,-0.131254,0.128448,0.905128,-23.736,52.8008,-147.684,0.0155025,0,1685629273,767016458
1,NDI-MF2 s/n:3BAA9000,31862,Port:10,0,Enabled,0.383168,-0.132311,0.127819,0.905174,-23.3993,52.9317,-148.004,0.0184624,0,1685629273,792027442
1,NDI-MF2 s/n:3BAA9000,31870,Port:10,0,Enabled,0.383092,-0.128657,0.130217,0.905391,-23.1849,53.0392,-147.8,0.00822302,0,1685629273,817015694
1,NDI-MF2 s/n:3BAA9000,31878,Port:10,0,Enabled,0.382626,-0.126277,0.132095,0.905651,-23.0199,53.0028,-147.377,0.0103835,0,1685629273,841951273
1,NDI-MF2 s/n:3BAA9000,31886,Port:10,0,Enabled,0.382591,-0.127068,0.132508,0.905495,-22.8051,53.0103,-147.214,0.0246458,0,1685629273,866940069
1,NDI-MF2 s/n:3BAA9000,31894,Port:10,0,Enabled,0.382436,-0.128017,0.132061,0.905492,-22.6359,53.2466,-147.395,0.0149744,0,1685629273,892016195
1,NDI-MF2 s/n:3BAA9000,31902,Port:10,0,Enabled,0.381875,-0.126788,0.132391,0.905853,-22.544,53.4508,-147.401,0.032803,0,1685629273,916942213
1,NDI-MF2 s/n:3BAA9000,31910,Port:10,0,Enabled,0.381381,-0.12426,0.134259,0.906136,-22.2086,53.5407,-147.156,0.0200593,0,1685629273,941977208
1,NDI-MF2 s/n:3BAA9000,31918,Port:10,0,Enabled,0.381074,-0.122378,0.135965,0.906267,-21.9742,53.5176,-146.743,0.00892606,0,1685629273,966984340
1,NDI-MF2 s/n:3BAA9000,31926,Port:10,0,Enabled,0.381117,-0.123731,0.135977,0.906064,-21.6849,53.4812,-146.812,0.0139334,0,1685629273,991956908
1,NDI-MF2 s/n:3BAA9000,31934,Port:10,0,Enabled,0.381085,-0.121472,0.137349,0.906176,-21.4832,53.8066,-146.735,0.00833962,0,1685629274,16998403
1,NDI-MF2 s/n:3BAA9000,31942,Port:10,0,Enabled,0.38071,-0.119922,0.138714,0.906332,-21.4205,53.884,-146.402,0.013203,0,1685629274,42002279
1,NDI-MF2 s/n:3BAA9000,31950,Port:10,0,Enabled,0.380747,-0.120236,0.139366,0.906174,-21.1372,53.8922,-146.305,0.0238135,0,1685629274,66928980
1,NDI-MF2 s/n:3BAA9000,31958,Port:10,0,Enabled,0.380543,-0.120508,0.138802,0.906311,-20.737,54.0726,-146.518,0.012645,0,1685629274,91959119
1,NDI-MF2 s/n:3BAA9000,31966,Port:10,0,Enabled,0.379784,-0.118782,0.139065,0.906816,-20.5524,54.1878,-146.506,0.033224,0,1685629274,117015994
1,NDI-MF2 s/n:3BAA9000,31974,Port:10,0,Enabled,0.378783,-0.11574,0.140938,0.907339,-20.491,54.2641,-146.052,0.0215728,0,1685629274,141927774
1,NDI-MF2 s/n:3BAA9000,31982,Port:10,0,Enabled,0.378344,-0.11426,0.142703,0.907434,-20.4125,54.2628,-145.617,0.0119059,0,1685629274,166939300
1,NDI-MF2 s/n:3BAA9000,31990,Port:10,0,Enabled,0.378566,-0.11585,0.142651,0.907148,-20.0474,54.2277,-145.726,0.0172266,0,1685629274,191956514
1,NDI-MF2 s/n:3BAA9000,31998,Port:10,0,Enabled,0.378652,-0.113801,0.143613,0.90722,-19.7715,54.4269,-145.66,0.00964712,0,1685629274,216943216
1,NDI-MF2 s/n:3BAA9000,32006,Port:10,0,Enabled,0.378074,-0.11189,0.144723,0.907522,-19.6558,54.4271,-145.306,0.0115307,0,1685629274,241925465
1,NDI-MF2 s/n:3BAA9000,32014,Port:10,0,Enabled,0.378029,-0.111896,0.145749,0.907376,-19.4374,54.3666,-145.115,0.0274961,0,1685629274,266933825
1,NDI-MF2 s/n:3BAA9000,32022,Port:10,0,Enabled,0.377931,-0.11214,0.14506,0.907497,-19.05,54.5323,-145.307,0.0134388,0,1685629274,291853951
1,NDI-MF2 s/n:3BAA9000,32030,Port:10,0,Enabled,0.377169,-0.110836,0.144895,0.908001,-18.7971,54.6607,-145.268,0.0355043,0,1685629274,316875421
1,NDI-MF2 s/n:3BAA9000,32038,Port:10,0,Enabled,0.376588,-0.10656,0.147919,0.908266,-18.7749,54.594,-144.654,0.0117372,0,1685629274,341015945
1,NDI-MF2 s/n:3BAA9000,32046,Port:10,0,Enabled,0.376047,-0.106544,0.148886,0.908334,-18.6136,54.5441,-144.385,0.0156299,0,1685629274,365941679
1,NDI-MF2 s/n:3BAA9000,32054,Port:10,0,Enabled,0.376148,-0.1086,0.148338,0.908138,-18.2565,54.5554,-144.601,0.0116274,0,1685629274,390924867
1,NDI-MF2 s/n:3BAA9000,32062,Port:10,0,Enabled,0.375805,-0.10631,0.148975,0.908447,-18.0105,54.7587,-144.555,0.0186975,0,1685629274,415926040
1,NDI-MF2 s/n:3BAA9000,32070,Port:10,0,Enabled,0.375071,-0.103725,0.150336,0.908825,-17.8347,54.7705,-144.236,0.0224585,0,1685629274,440863834
1,NDI-MF2 s/n:3BAA9000,32078,Port:10,0,Enabled,0.375052,-0.103392,0.151929,0.908605,-17.6389,54.6009,-143.975,0.0183408,0,1685629274,465865106
1,NDI-MF2 s/n:3BAA9000,32086,Port:10,0,Enabled,0.374827,-0.104173,0.15122,0.908728,-17.2856,54.7842,-144.165,0.0156972,0,1685629274,490882548
1,NDI-MF2 s/n:3BAA9000,32094,Port:10,0,Enabled,0.374166,-0.102744,0.151401,0.909132,-17.0938,55.0269,-144.202,0.0298032,0,1685629274,515917932
1,NDI-MF2 s/n:3BAA9000,32102,Port:10,0,Enabled,0.373423,-0.0982492,0.154243,0.909457,-17.1508,55.054,-143.566,0.0151435,0,1685629274,540889373
1,NDI-MF2 s/n:3BAA9000,32110,Port:10,0,Enabled,0.372929,-0.0983506,0.154687,0.909573,-16.8844,54.9357,-143.269,0.0174412,0,1685629274,565904836
1,NDI-MF2 s/n:3BAA9000,32118,Port:10,0,Enabled,0.373038,-0.100706,0.15376,0.909428,-16.355,54.8705,-143.484,0.0136145,0,1685629274,590888933
1,NDI-MF2 s/n:3BAA9000,32126,Port:10,0,Enabled,0.372432,-0.0978615,0.154164,0.909918,-16.1849,55.0284,-143.348,0.0250919,0,1685629274,615845661
1,NDI-MF2 s/n:3BAA9000,32134,Port:10,0,Enabled,0.37125,-0.0948541,0.15537,0.910514,-16.1609,55.1065,-142.958,0.0311204,0,1685629274,640881883
1,NDI-MF2 s/n:3BAA9000,32142,Port:10,0,Enabled,0.370889,-0.0940446,0.157244,0.910424,-16.0284,54.941,-142.638,0.0154347,0,1685629274,665870557
1,NDI-MF2 s/n:3BAA9000,32150,Port:10,0,Enabled,0.370849,-0.0948071,0.156715,0.910452,-15.5483,54.978,-142.804,0.0140289,0,1685629274,690889197
1,NDI-MF2 s/n:3BAA9000,32158,Port:10,0,Enabled,0.370438,-0.0937681,0.156659,0.910737,-15.1963,55.1646,-142.897,0.0275187,0,1685629274,715866301
1,NDI-MF2 s/n:3BAA9000,32166,Port:10,0,Enabled,0.369525,-0.0896956,0.159136,0.911088,-15.2848,55.233,-142.375,0.0176336,0,1685629274,740834999
1,NDI-MF2 s/n:3BAA9000,32174,Port:10,0,Enabled,0.368885,-0.0897713,0.159597,0.911259,-15.0931,55.2057,-142.174,0.0171978,0,1685629274,765863974
1,NDI-MF2 s/n:3BAA9000,32182,Port:10,0,Enabled,0.369013,-0.0915678,0.158988,0.911135,-14.6584,55.2018,-142.33,0.0120761,0,1685629274,790820412
1,NDI-MF2 s/n:3BAA9000,32190,Port:10,0,Enabled,0.368361,-0.088773,0.159091,0.911658,-14.3666,55.4134,-142.2,0.021374,0,1685629274,815811736
1,NDI-MF2 s/n:3BAA9000,32198,Port:10,0,Enabled,0.367271,-0.0855855,0.160142,0.912218,-14.2069,55.4166,-141.83,0.0265406,0,1685629274,840850914
1,NDI-MF2 s/n:3BAA9000,32206,Port:10,0,Enabled,0.36673,-0.0845838,0.161969,0.912206,-14.1264,55.2405,-141.506,0.020522,0,1685629274,865830792
1,NDI-MF2 s/n:3BAA9000,32214,Port:10,0,Enabled,0.36661,-0.0853079,0.161179,0.912328,-13.7124,55.37,-141.711,0.0139644,0,1685629274,890814210
1,NDI-MF2 s/n:3BAA9000,32222,Port:10,0,Enabled,0.365801,-0.0846006,0.160443,0.912848,-13.4081,55.4379,-141.703,0.0335152,0,1685629274,915792429
1,NDI-MF2 s/n:3BAA9000,32230,Port:10,0,Enabled,0.364683,-0.0806361,0.162327,0.91332,-13.3586,55.3652,-141.268,0.0288819,0,1685629274,940786100
1,NDI-MF2 s/n:3BAA9000,32238,Port:10,0,Enabled,0.364244,-0.0800572,0.163415,0.913353,-13.0987,55.1753,-141.057,0.0167444,0,1685629274,965803431
1,NDI-MF2 s/n:3BAA9000,32246,Port:10,0,Enabled,0.364395,-0.0813636,0.16296,0.913258,-12.5959,55.169,-141.228,0.0115227,0,1685629274,990873792
1,NDI-MF2 s/n:3BAA9000,32254,Port:10,0,Enabled,0.36346,-0.0787391,0.162794,0.91389,-12.4232,55.4741,-141.106,0.0222755,0,1685629275,15762617
1,NDI-MF2 s/n:3BAA9000,32262,Port:10,0,Enabled,0.362263,-0.0761596,0.16378,0.914408,-12.4468,55.5134,-140.683,0.0276525,0,1685629275,40815928
1,NDI-MF2 s/n:3BAA9000,32270,Port:10,0,Enabled,0.361897,-0.0752548,0.165657,0.91429,-12.3413,55.3549,-140.331,0.020843,0,1685629275,65773518
1,NDI-MF2 s/n:3BAA9000,32278,Port:10,0,Enabled,0.361838,-0.0761041,0.164661,0.914422,-11.7385,55.485,-140.492,0.0153046,0,1685629275,90811692
1,NDI-MF2 s/n:3BAA9000,32286,Port:10,0,Enabled,0.360771,-0.0747576,0.163793,0.915111,-11.4862,55.6685,-140.485,0.0395843,0,1685629275,115767439
1,NDI-MF2 s/n:3BAA9000,32294,Port:10,0,Enabled,0.359293,-0.0703526,0.166081,0.915629,-11.7614,55.552,-139.914,0.0269206,0,1685629275,140754429
1,NDI-MF2 s/n:3BAA9000,32302,Port:10,0,Enabled,0.358623,-0.0702689,0.166829,0.915762,-11.5211,55.4356,-139.654,0.0204041,0,1685629275,165741927
1,NDI-MF2 s/n:3BAA9000,32310,Port:10,0,Enabled,0.35918,-0.0719715,0.166652,0.915444,-10.9134,55.3527,-139.759,0.0164962,0,1685629275,190766784
1,NDI-MF2 s/n:3BAA9000,32318,Port:10,0,Enabled,0.35823,-0.0694102,0.165986,0.916135,-10.588,55.6093,-139.698,0.0209698,0,1685629275,215752976
1,NDI-MF2 s/n:3BAA9000,32326,Port:10,0,Enabled,0.356612,-0.0660904,0.166521,0.916913,-10.5393,55.6706,-139.349,0.0358688,0,1685629275,240760943
1,NDI-MF2 s/n:3BAA9000,32334,Port:10,0,Enabled,0.356051,-0.0650691,0.168766,0.916795,-10.6013,55.3683,-138.937,0.0208866,0,1685629275,265705202
1,NDI-MF2 s/n:3BAA9000,32342,Port:10,0,Enabled,0.355708,-0.0659323,0.167472,0.917103,-10.1845,55.4661,-138.965,0.0193096,0,1685629275,290738104
1,NDI-MF2 s/n:3BAA9000,32350,Port:10,0,Enabled,0.35464,-0.0648925,0.166394,0.917787,-9.80441,55.6568,-138.961,0.0411281,0,1685629275,315739640
1,NDI-MF2 s/n:3BAA9000,32358,Port:10,0,Enabled,0.352985,-0.0611776,0.166674,0.918629,-10.1154,55.7034,-138.696,0.0549819,0,1685629275,340703302
1,NDI-MF2 s/n:3BAA9000,32366,Port:10,0,Enabled,0.353259,-0.0609793,0.168733,0.91816,-10.5653,55.2193,-138.607,0.0169037,0,1685629275,365686976
1,NDI-MF2 s/n:3BAA9000,32374,Port:10,0,Enabled,0.353657,-0.0616087,0.169061,0.917905,-10.5526,55.1449,-138.675,0.0189339,0,1685629275,390720845
1,NDI-MF2 s/n:3BAA9000,32382,Port:10,0,Enabled,0.35401,-0.0630347,0.168395,0.917794,-10.4733,55.1999,-138.649,0.0171621,0,1685629275,415703549
1,NDI-MF2 s/n:3BAA9000,32390,Port:10,0,Enabled,0.354047,-0.0636242,0.167987,0.917814,-10.4229,55.4222,-138.615,0.0200096,0,1685629275,440676733
1,NDI-MF2 s/n:3BAA9000,32398,Port:10,0,Enabled,0.353836,-0.0630726,0.167991,0.917933,-10.4263,55.6339,-138.608,0.0219389,0,1685629275,465664462
1,NDI-MF2 s/n:3BAA9000,32406,Port:10,0,Enabled,0.353743,-0.0626439,0.16827,0.917948,-10.4328,55.7015,-138.581,0.0205374,0,1685629275,490640203
1,NDI-MF2 s/n:3BAA9000,32414,Port:10,0,Enabled,0.353823,-0.0626916,0.168391,0.917891,-10.4403,55.7236,-138.518,0.0181848,0,1685629275,515656468
1,NDI-MF2 s/n:3BAA9000,32422,Port:10,0,Enabled,0.353874,-0.0631283,0.168218,0.917873,-10.442,55.7726,-138.536,0.0194051,0,1685629275,540644864
1,NDI-MF2 s/n:3BAA9000,32430,Port:10,0,Enabled,0.353864,-0.0631145,0.168062,0.917906,-10.4479,55.7542,-138.644,0.0207697,0,1685629275,565649018
1,NDI-MF2 s/n:3BAA9000,32438,Port:10,0,Enabled,0.353829,-0.0628313,0.168074,0.917937,-10.488,55.6374,-138.695,0.0211688,0,1685629275,590663815
1,NDI-MF2 s/n:3BAA9000,32446,Port:10,0,Enabled,0.353847,-0.0627194,0.16828,0.9179,-10.4707,55.4931,-138.693,0.0211931,0,1685629275,615651351
1,NDI-MF2 s/n:3BAA9000,32454,Port:10,0,Enabled,0.353914,-0.0629737,0.168108,0.917888,-10.3957,55.5116,-138.709,0.0214586,0,1685629275,640650605
1,NDI-MF2 s/n:3BAA9000,32462,Port:10,0,Enabled,0.353931,-0.0628903,0.168305,0.917851,-10.3852,55.5153,-138.713,0.0211808,0,1685629275,665608730
1,NDI-MF2 s/n:3BAA9000,32470,Port:10,0,Enabled,0.353869,-0.0628409,0.168286,0.917882,-10.3774,55.507,-138.725,0.0198027,0,1685629275,689687915
1,NDI-MF2 s/n:3BAA9000,32478,Port:10,0,Enabled,0.35386,-0.0628619,0.168178,0.917904,-10.3689,55.5073,-138.722,0.0226361,0,1685629275,714676703
1,NDI-MF2 s/n:3BAA9000,32486,Port:10,0,Enabled,0.353841,-0.0629002,0.168148,0.917914,-10.3655,55.5192,-138.729,0.024648,0,1685629275,739709389
1,NDI-MF2 s/n:3BAA9000,32494,Port:10,0,Enabled,0.353835,-0.0628726,0.168081,0.917931,-10.4182,55.5339,-138.659,0.0217383,0,1685629275,764656472
1,NDI-MF2 s/n:3BAA9000,32502,Port:10,0,Enabled,0.353838,-0.0628527,0.168126,0.917922,-10.4194,55.5112,-138.669,0.0215595,0,1685629275,789671439
1,NDI-MF2 s/n:3BAA9000,32510,Port:10,0,Enabled,0.353863,-0.0628583,0.1682,0.917899,-10.4127,55.4954,-138.67,0.0213259,0,1685629275,814680527
1,NDI-MF2 s/n:3BAA9000,32518,Port:10,0,Enabled,0.35389,-0.0628954,0.168234,0.91788,-10.4033,55.4945,-138.668,0.0206672,0,1685629275,839631241
